##BUG:NO_BUG:1:2sec:46
0:4:100:spawn(pName):0:[1, 0, 0, 0, 0, 0, 0, 0, 0, 0, 0, 0, 0, 0, 0, 0, 0, 0, 0, 0]
4:0:101:!(scala.actors.Channel@ba76,1):1:[1, 0, 0, 0, 2, 0, 0, 0, 0, 0, 0, 0, 0, 0, 0, 0, 0, 0, 0, 0]
0:4:102:kill(1):2:[3, 0, 0, 0, 2, 0, 0, 0, 0, 0, 0, 0, 0, 0, 0, 0, 0, 0, 0, 0]
4:0:103:!(scala.actors.Channel@bfde,()):3:[3, 0, 0, 0, 4, 0, 0, 0, 0, 0, 0, 0, 0, 0, 0, 0, 0, 0, 0, 0]
0:1:104:Register(pName,1):4:[5, 0, 0, 0, 4, 0, 0, 0, 0, 0, 0, 0, 0, 0, 0, 0, 0, 0, 0, 0]
0:2:105:Register(pName,1):5:[6, 0, 0, 0, 4, 0, 0, 0, 0, 0, 0, 0, 0, 0, 0, 0, 0, 0, 0, 0]
1:6:106:InsertNewForward(pName,1):6:[5, 2, 0, 0, 4, 0, 0, 0, 0, 0, 0, 0, 0, 0, 0, 0, 0, 0, 0, 0]
6:1:108:!(scala.actors.Channel@bf01,true):7:[5, 2, 0, 0, 4, 0, 2, 0, 0, 0, 0, 0, 0, 0, 0, 0, 0, 0, 0, 0]
2:6:107:InsertNewForward(pName,1):8:[6, 0, 2, 0, 4, 0, 0, 0, 0, 0, 0, 0, 0, 0, 0, 0, 0, 0, 0, 0]
6:2:110:!(scala.actors.Channel@be8d,false):9:[6, 2, 2, 0, 4, 0, 4, 0, 0, 0, 0, 0, 0, 0, 0, 0, 0, 0, 0, 0]
1:7:109:Reg(1):10:[5, 4, 0, 0, 4, 0, 2, 0, 0, 0, 0, 0, 0, 0, 0, 0, 0, 0, 0, 0]
7:4:112:isProcessAlive(1):11:[5, 4, 0, 0, 4, 0, 2, 2, 0, 0, 0, 0, 0, 0, 0, 0, 0, 0, 0, 0]
4:7:113:!(scala.actors.Channel@bd45,false):12:[5, 4, 0, 0, 6, 0, 2, 2, 0, 0, 0, 0, 0, 0, 0, 0, 0, 0, 0, 0]
7:6:115:InsertNewBackward(1,samira.procreg.Monitor@bd4e):13:[5, 4, 0, 0, 6, 0, 2, 5, 0, 0, 0, 0, 0, 0, 0, 0, 0, 0, 0, 0]
6:7:116:!(scala.actors.Channel@bd26,true):14:[6, 4, 2, 0, 6, 0, 6, 5, 0, 0, 0, 0, 0, 0, 0, 0, 0, 0, 0, 0]
2:7:111:Where(pName):15:[6, 2, 4, 0, 4, 0, 4, 0, 0, 0, 0, 0, 0, 0, 0, 0, 0, 0, 0, 0]
7:6:117:Lookup(pName):16:[6, 4, 4, 0, 6, 0, 6, 8, 0, 0, 0, 0, 0, 0, 0, 0, 0, 0, 0, 0]
6:7:118:!(scala.actors.Channel@bcaf,1):17:[6, 4, 4, 0, 6, 0, 8, 8, 0, 0, 0, 0, 0, 0, 0, 0, 0, 0, 0, 0]
7:4:119:isProcessAlive(1):18:[6, 4, 4, 0, 6, 0, 8, 10, 0, 0, 0, 0, 0, 0, 0, 0, 0, 0, 0, 0]
4:7:120:!(scala.actors.Channel@bd26,false):19:[6, 4, 4, 0, 8, 0, 8, 10, 0, 0, 0, 0, 0, 0, 0, 0, 0, 0, 0, 0]
7:2:121:!(scala.actors.Channel@bda5,-1):20:[6, 4, 4, 0, 8, 0, 8, 12, 0, 0, 0, 0, 0, 0, 0, 0, 0, 0, 0, 0]
7:7:114:Down(1):21:[5, 4, 0, 0, 6, 0, 2, 4, 0, 0, 0, 0, 0, 0, 0, 0, 0, 0, 0, 0]
7:6:123:GetMatch(1):22:[6, 4, 4, 0, 8, 0, 8, 14, 0, 0, 0, 0, 0, 0, 0, 0, 0, 0, 0, 0]
6:7:124:!(scala.actors.Channel@bd45,Some(samira.procreg.Monitor@bd4e)):23:[6, 4, 4, 0, 8, 0, 10, 14, 0, 0, 0, 0, 0, 0, 0, 0, 0, 0, 0, 0]
7:6:125:DeleteEntry(1):24:[6, 4, 4, 0, 8, 0, 10, 16, 0, 0, 0, 0, 0, 0, 0, 0, 0, 0, 0, 0]
6:7:126:!(scala.actors.Channel@bcaf,()):25:[6, 4, 4, 0, 8, 0, 12, 16, 0, 0, 0, 0, 0, 0, 0, 0, 0, 0, 0, 0]
2:7:122:Audit(pName):26:[6, 4, 6, 0, 8, 0, 8, 12, 0, 0, 0, 0, 0, 0, 0, 0, 0, 0, 0, 0]
7:6:127:Lookup(pName):27:[6, 4, 6, 0, 8, 0, 12, 19, 0, 0, 0, 0, 0, 0, 0, 0, 0, 0, 0, 0]
6:7:128:!(scala.actors.Channel@bd45,-1):28:[6, 4, 6, 0, 8, 0, 14, 19, 0, 0, 0, 0, 0, 0, 0, 0, 0, 0, 0, 0]
7:4:129:isProcessAlive(-1):29:[6, 4, 6, 0, 8, 0, 14, 21, 0, 0, 0, 0, 0, 0, 0, 0, 0, 0, 0, 0]
4:7:130:!(scala.actors.Channel@bcaf,false):30:[6, 4, 6, 0, 10, 0, 14, 21, 0, 0, 0, 0, 0, 0, 0, 0, 0, 0, 0, 0]
7:6:131:DeleteEntry(-1):31:[6, 4, 6, 0, 10, 0, 14, 23, 0, 0, 0, 0, 0, 0, 0, 0, 0, 0, 0, 0]
6:7:132:!(scala.actors.Channel@bd26,()):32:[6, 4, 6, 0, 10, 0, 16, 23, 0, 0, 0, 0, 0, 0, 0, 0, 0, 0, 0, 0]
7:2:133:!(scala.actors.Channel@be8d,()):33:[6, 4, 6, 0, 10, 0, 16, 25, 0, 0, 0, 0, 0, 0, 0, 0, 0, 0, 0, 0]
2:6:134:InsertNewForward(pName,1):34:[6, 4, 8, 0, 10, 0, 16, 25, 0, 0, 0, 0, 0, 0, 0, 0, 0, 0, 0, 0]
6:2:135:!(scala.actors.Channel@bda5,true):35:[6, 4, 8, 0, 10, 0, 18, 25, 0, 0, 0, 0, 0, 0, 0, 0, 0, 0, 0, 0]
2:7:136:Reg(1):36:[6, 4, 10, 0, 10, 0, 18, 25, 0, 0, 0, 0, 0, 0, 0, 0, 0, 0, 0, 0]
7:4:137:isProcessAlive(1):37:[6, 4, 10, 0, 10, 0, 18, 27, 0, 0, 0, 0, 0, 0, 0, 0, 0, 0, 0, 0]
4:7:138:!(scala.actors.Channel@bd45,false):38:[6, 4, 10, 0, 12, 0, 18, 27, 0, 0, 0, 0, 0, 0, 0, 0, 0, 0, 0, 0]
7:6:140:InsertNewBackward(1,samira.procreg.Monitor@bd4e):39:[6, 4, 10, 0, 12, 0, 18, 30, 0, 0, 0, 0, 0, 0, 0, 0, 0, 0, 0, 0]
6:7:141:!(scala.actors.Channel@bd26,true):40:[6, 4, 10, 0, 12, 0, 20, 30, 0, 0, 0, 0, 0, 0, 0, 0, 0, 0, 0, 0]
7:7:139:Down(1):41:[6, 4, 10, 0, 12, 0, 18, 29, 0, 0, 0, 0, 0, 0, 0, 0, 0, 0, 0, 0]
7:6:142:GetMatch(1):42:[6, 4, 10, 0, 12, 0, 20, 33, 0, 0, 0, 0, 0, 0, 0, 0, 0, 0, 0, 0]
6:7:143:!(scala.actors.Channel@bcaf,Some(samira.procreg.Monitor@bd4e)):43:[6, 4, 10, 0, 12, 0, 22, 33, 0, 0, 0, 0, 0, 0, 0, 0, 0, 0, 0, 0]
7:6:144:DeleteEntry(1):44:[6, 4, 10, 0, 12, 0, 22, 35, 0, 0, 0, 0, 0, 0, 0, 0, 0, 0, 0, 0]
6:7:145:!(scala.actors.Channel@bd26,()):45:[6, 4, 10, 0, 12, 0, 24, 35, 0, 0, 0, 0, 0, 0, 0, 0, 0, 0, 0, 0]
##BUG:NO_BUG:2:3sec:44
0:4:100:spawn(pName):0:[1, 0, 0, 0, 0, 0, 0, 0, 0, 0, 0, 0, 0, 0, 0, 0, 0, 0, 0, 0]
4:0:101:!(scala.actors.Channel@ba76,1):1:[1, 0, 0, 0, 2, 0, 0, 0, 0, 0, 0, 0, 0, 0, 0, 0, 0, 0, 0, 0]
0:4:102:kill(1):2:[3, 0, 0, 0, 2, 0, 0, 0, 0, 0, 0, 0, 0, 0, 0, 0, 0, 0, 0, 0]
4:0:103:!(scala.actors.Channel@bfde,()):3:[3, 0, 0, 0, 4, 0, 0, 0, 0, 0, 0, 0, 0, 0, 0, 0, 0, 0, 0, 0]
0:1:104:Register(pName,1):4:[5, 0, 0, 0, 4, 0, 0, 0, 0, 0, 0, 0, 0, 0, 0, 0, 0, 0, 0, 0]
0:2:105:Register(pName,1):5:[6, 0, 0, 0, 4, 0, 0, 0, 0, 0, 0, 0, 0, 0, 0, 0, 0, 0, 0, 0]
1:6:106:InsertNewForward(pName,1):6:[5, 2, 0, 0, 4, 0, 0, 0, 0, 0, 0, 0, 0, 0, 0, 0, 0, 0, 0, 0]
6:1:108:!(scala.actors.Channel@bf01,true):7:[5, 2, 0, 0, 4, 0, 2, 0, 0, 0, 0, 0, 0, 0, 0, 0, 0, 0, 0, 0]
2:6:107:InsertNewForward(pName,1):8:[6, 0, 2, 0, 4, 0, 0, 0, 0, 0, 0, 0, 0, 0, 0, 0, 0, 0, 0, 0]
6:2:110:!(scala.actors.Channel@be8d,false):9:[6, 2, 2, 0, 4, 0, 4, 0, 0, 0, 0, 0, 0, 0, 0, 0, 0, 0, 0, 0]
1:7:109:Reg(1):10:[5, 4, 0, 0, 4, 0, 2, 0, 0, 0, 0, 0, 0, 0, 0, 0, 0, 0, 0, 0]
7:4:112:isProcessAlive(1):11:[5, 4, 0, 0, 4, 0, 2, 2, 0, 0, 0, 0, 0, 0, 0, 0, 0, 0, 0, 0]
4:7:113:!(scala.actors.Channel@bd45,false):12:[5, 4, 0, 0, 6, 0, 2, 2, 0, 0, 0, 0, 0, 0, 0, 0, 0, 0, 0, 0]
7:6:115:InsertNewBackward(1,samira.procreg.Monitor@bd4e):13:[5, 4, 0, 0, 6, 0, 2, 5, 0, 0, 0, 0, 0, 0, 0, 0, 0, 0, 0, 0]
6:7:116:!(scala.actors.Channel@bd26,true):14:[6, 4, 2, 0, 6, 0, 6, 5, 0, 0, 0, 0, 0, 0, 0, 0, 0, 0, 0, 0]
2:7:111:Where(pName):15:[6, 2, 4, 0, 4, 0, 4, 0, 0, 0, 0, 0, 0, 0, 0, 0, 0, 0, 0, 0]
7:6:117:Lookup(pName):16:[6, 4, 4, 0, 6, 0, 6, 8, 0, 0, 0, 0, 0, 0, 0, 0, 0, 0, 0, 0]
6:7:118:!(scala.actors.Channel@bcaf,1):17:[6, 4, 4, 0, 6, 0, 8, 8, 0, 0, 0, 0, 0, 0, 0, 0, 0, 0, 0, 0]
7:4:119:isProcessAlive(1):18:[6, 4, 4, 0, 6, 0, 8, 10, 0, 0, 0, 0, 0, 0, 0, 0, 0, 0, 0, 0]
4:7:120:!(scala.actors.Channel@bd26,false):19:[6, 4, 4, 0, 8, 0, 8, 10, 0, 0, 0, 0, 0, 0, 0, 0, 0, 0, 0, 0]
7:2:121:!(scala.actors.Channel@bda5,-1):20:[6, 4, 4, 0, 8, 0, 8, 12, 0, 0, 0, 0, 0, 0, 0, 0, 0, 0, 0, 0]
2:7:122:Audit(pName):21:[6, 4, 6, 0, 8, 0, 8, 12, 0, 0, 0, 0, 0, 0, 0, 0, 0, 0, 0, 0]
7:6:123:Lookup(pName):46:[6, 4, 6, 0, 8, 0, 8, 14, 0, 0, 0, 0, 0, 0, 0, 0, 0, 0, 0, 0]
6:7:124:!(scala.actors.Channel@bd45,1):47:[6, 4, 6, 0, 8, 0, 10, 14, 0, 0, 0, 0, 0, 0, 0, 0, 0, 0, 0, 0]
7:4:125:isProcessAlive(1):48:[6, 4, 6, 0, 8, 0, 10, 16, 0, 0, 0, 0, 0, 0, 0, 0, 0, 0, 0, 0]
4:7:126:!(scala.actors.Channel@bcaf,false):49:[6, 4, 6, 0, 10, 0, 10, 16, 0, 0, 0, 0, 0, 0, 0, 0, 0, 0, 0, 0]
7:6:127:DeleteEntry(1):50:[6, 4, 6, 0, 10, 0, 10, 18, 0, 0, 0, 0, 0, 0, 0, 0, 0, 0, 0, 0]
6:7:128:!(scala.actors.Channel@bd26,()):51:[6, 4, 6, 0, 10, 0, 12, 18, 0, 0, 0, 0, 0, 0, 0, 0, 0, 0, 0, 0]
7:2:129:!(scala.actors.Channel@be8d,()):52:[6, 4, 6, 0, 10, 0, 12, 20, 0, 0, 0, 0, 0, 0, 0, 0, 0, 0, 0, 0]
2:6:130:InsertNewForward(pName,1):53:[6, 4, 8, 0, 10, 0, 12, 20, 0, 0, 0, 0, 0, 0, 0, 0, 0, 0, 0, 0]
6:2:131:!(scala.actors.Channel@bda5,true):54:[6, 4, 8, 0, 10, 0, 14, 20, 0, 0, 0, 0, 0, 0, 0, 0, 0, 0, 0, 0]
7:7:114:Down(1):55:[5, 4, 0, 0, 6, 0, 2, 4, 0, 0, 0, 0, 0, 0, 0, 0, 0, 0, 0, 0]
7:6:133:GetMatch(1):56:[6, 4, 6, 0, 10, 0, 12, 22, 0, 0, 0, 0, 0, 0, 0, 0, 0, 0, 0, 0]
6:7:134:!(scala.actors.Channel@bd45,None):57:[6, 4, 8, 0, 10, 0, 16, 22, 0, 0, 0, 0, 0, 0, 0, 0, 0, 0, 0, 0]
2:7:132:Reg(1):58:[6, 4, 10, 0, 10, 0, 14, 20, 0, 0, 0, 0, 0, 0, 0, 0, 0, 0, 0, 0]
7:4:135:isProcessAlive(1):59:[6, 4, 10, 0, 10, 0, 16, 25, 0, 0, 0, 0, 0, 0, 0, 0, 0, 0, 0, 0]
4:7:136:!(scala.actors.Channel@bd26,false):60:[6, 4, 10, 0, 12, 0, 16, 25, 0, 0, 0, 0, 0, 0, 0, 0, 0, 0, 0, 0]
7:6:138:InsertNewBackward(1,samira.procreg.Monitor@bd4e):61:[6, 4, 10, 0, 12, 0, 16, 28, 0, 0, 0, 0, 0, 0, 0, 0, 0, 0, 0, 0]
6:7:139:!(scala.actors.Channel@bcaf,true):62:[6, 4, 10, 0, 12, 0, 18, 28, 0, 0, 0, 0, 0, 0, 0, 0, 0, 0, 0, 0]
7:7:137:Down(1):63:[6, 4, 10, 0, 12, 0, 16, 27, 0, 0, 0, 0, 0, 0, 0, 0, 0, 0, 0, 0]
7:6:140:GetMatch(1):64:[6, 4, 10, 0, 12, 0, 18, 31, 0, 0, 0, 0, 0, 0, 0, 0, 0, 0, 0, 0]
6:7:141:!(scala.actors.Channel@bd45,Some(samira.procreg.Monitor@bd4e)):65:[6, 4, 10, 0, 12, 0, 20, 31, 0, 0, 0, 0, 0, 0, 0, 0, 0, 0, 0, 0]
7:6:142:DeleteEntry(1):66:[6, 4, 10, 0, 12, 0, 20, 33, 0, 0, 0, 0, 0, 0, 0, 0, 0, 0, 0, 0]
6:7:143:!(scala.actors.Channel@bcaf,()):67:[6, 4, 10, 0, 12, 0, 22, 33, 0, 0, 0, 0, 0, 0, 0, 0, 0, 0, 0, 0]
##BUG:NO_BUG:3:4sec:46
0:4:100:spawn(pName):0:[1, 0, 0, 0, 0, 0, 0, 0, 0, 0, 0, 0, 0, 0, 0, 0, 0, 0, 0, 0]
4:0:101:!(scala.actors.Channel@ba76,1):1:[1, 0, 0, 0, 2, 0, 0, 0, 0, 0, 0, 0, 0, 0, 0, 0, 0, 0, 0, 0]
0:4:102:kill(1):2:[3, 0, 0, 0, 2, 0, 0, 0, 0, 0, 0, 0, 0, 0, 0, 0, 0, 0, 0, 0]
4:0:103:!(scala.actors.Channel@bfde,()):3:[3, 0, 0, 0, 4, 0, 0, 0, 0, 0, 0, 0, 0, 0, 0, 0, 0, 0, 0, 0]
0:1:104:Register(pName,1):4:[5, 0, 0, 0, 4, 0, 0, 0, 0, 0, 0, 0, 0, 0, 0, 0, 0, 0, 0, 0]
0:2:105:Register(pName,1):5:[6, 0, 0, 0, 4, 0, 0, 0, 0, 0, 0, 0, 0, 0, 0, 0, 0, 0, 0, 0]
1:6:106:InsertNewForward(pName,1):6:[5, 2, 0, 0, 4, 0, 0, 0, 0, 0, 0, 0, 0, 0, 0, 0, 0, 0, 0, 0]
6:1:108:!(scala.actors.Channel@bf01,true):7:[5, 2, 0, 0, 4, 0, 2, 0, 0, 0, 0, 0, 0, 0, 0, 0, 0, 0, 0, 0]
2:6:107:InsertNewForward(pName,1):8:[6, 0, 2, 0, 4, 0, 0, 0, 0, 0, 0, 0, 0, 0, 0, 0, 0, 0, 0, 0]
6:2:110:!(scala.actors.Channel@be8d,false):9:[6, 2, 2, 0, 4, 0, 4, 0, 0, 0, 0, 0, 0, 0, 0, 0, 0, 0, 0, 0]
1:7:109:Reg(1):10:[5, 4, 0, 0, 4, 0, 2, 0, 0, 0, 0, 0, 0, 0, 0, 0, 0, 0, 0, 0]
7:4:112:isProcessAlive(1):11:[5, 4, 0, 0, 4, 0, 2, 2, 0, 0, 0, 0, 0, 0, 0, 0, 0, 0, 0, 0]
4:7:113:!(scala.actors.Channel@bd45,false):12:[5, 4, 0, 0, 6, 0, 2, 2, 0, 0, 0, 0, 0, 0, 0, 0, 0, 0, 0, 0]
7:6:115:InsertNewBackward(1,samira.procreg.Monitor@bd4e):13:[5, 4, 0, 0, 6, 0, 2, 5, 0, 0, 0, 0, 0, 0, 0, 0, 0, 0, 0, 0]
6:7:116:!(scala.actors.Channel@bd26,true):14:[6, 4, 2, 0, 6, 0, 6, 5, 0, 0, 0, 0, 0, 0, 0, 0, 0, 0, 0, 0]
7:7:114:Down(1):15:[5, 4, 0, 0, 6, 0, 2, 4, 0, 0, 0, 0, 0, 0, 0, 0, 0, 0, 0, 0]
7:6:117:GetMatch(1):68:[6, 4, 2, 0, 6, 0, 6, 8, 0, 0, 0, 0, 0, 0, 0, 0, 0, 0, 0, 0]
6:7:118:!(scala.actors.Channel@bcaf,Some(samira.procreg.Monitor@bd4e)):69:[6, 4, 2, 0, 6, 0, 8, 8, 0, 0, 0, 0, 0, 0, 0, 0, 0, 0, 0, 0]
7:6:119:DeleteEntry(1):70:[6, 4, 2, 0, 6, 0, 8, 10, 0, 0, 0, 0, 0, 0, 0, 0, 0, 0, 0, 0]
6:7:120:!(scala.actors.Channel@bd26,()):71:[6, 4, 2, 0, 6, 0, 10, 10, 0, 0, 0, 0, 0, 0, 0, 0, 0, 0, 0, 0]
2:7:111:Where(pName):72:[6, 2, 4, 0, 4, 0, 4, 0, 0, 0, 0, 0, 0, 0, 0, 0, 0, 0, 0, 0]
7:6:121:Lookup(pName):73:[6, 4, 4, 0, 6, 0, 10, 13, 0, 0, 0, 0, 0, 0, 0, 0, 0, 0, 0, 0]
6:7:122:!(scala.actors.Channel@bcaf,-1):74:[6, 4, 4, 0, 6, 0, 12, 13, 0, 0, 0, 0, 0, 0, 0, 0, 0, 0, 0, 0]
7:4:123:isProcessAlive(-1):75:[6, 4, 4, 0, 6, 0, 12, 15, 0, 0, 0, 0, 0, 0, 0, 0, 0, 0, 0, 0]
4:7:124:!(scala.actors.Channel@bd26,false):76:[6, 4, 4, 0, 8, 0, 12, 15, 0, 0, 0, 0, 0, 0, 0, 0, 0, 0, 0, 0]
7:2:125:!(scala.actors.Channel@bda5,-1):77:[6, 4, 4, 0, 8, 0, 12, 17, 0, 0, 0, 0, 0, 0, 0, 0, 0, 0, 0, 0]
2:7:126:Audit(pName):78:[6, 4, 6, 0, 8, 0, 12, 17, 0, 0, 0, 0, 0, 0, 0, 0, 0, 0, 0, 0]
7:6:127:Lookup(pName):79:[6, 4, 6, 0, 8, 0, 12, 19, 0, 0, 0, 0, 0, 0, 0, 0, 0, 0, 0, 0]
6:7:128:!(scala.actors.Channel@bd45,-1):80:[6, 4, 6, 0, 8, 0, 14, 19, 0, 0, 0, 0, 0, 0, 0, 0, 0, 0, 0, 0]
7:4:129:isProcessAlive(-1):81:[6, 4, 6, 0, 8, 0, 14, 21, 0, 0, 0, 0, 0, 0, 0, 0, 0, 0, 0, 0]
4:7:130:!(scala.actors.Channel@bcaf,false):82:[6, 4, 6, 0, 10, 0, 14, 21, 0, 0, 0, 0, 0, 0, 0, 0, 0, 0, 0, 0]
7:6:131:DeleteEntry(-1):83:[6, 4, 6, 0, 10, 0, 14, 23, 0, 0, 0, 0, 0, 0, 0, 0, 0, 0, 0, 0]
6:7:132:!(scala.actors.Channel@bd26,()):84:[6, 4, 6, 0, 10, 0, 16, 23, 0, 0, 0, 0, 0, 0, 0, 0, 0, 0, 0, 0]
7:2:133:!(scala.actors.Channel@be8d,()):85:[6, 4, 6, 0, 10, 0, 16, 25, 0, 0, 0, 0, 0, 0, 0, 0, 0, 0, 0, 0]
2:6:134:InsertNewForward(pName,1):86:[6, 4, 8, 0, 10, 0, 16, 25, 0, 0, 0, 0, 0, 0, 0, 0, 0, 0, 0, 0]
6:2:135:!(scala.actors.Channel@bda5,true):87:[6, 4, 8, 0, 10, 0, 18, 25, 0, 0, 0, 0, 0, 0, 0, 0, 0, 0, 0, 0]
2:7:136:Reg(1):88:[6, 4, 10, 0, 10, 0, 18, 25, 0, 0, 0, 0, 0, 0, 0, 0, 0, 0, 0, 0]
7:4:137:isProcessAlive(1):89:[6, 4, 10, 0, 10, 0, 18, 27, 0, 0, 0, 0, 0, 0, 0, 0, 0, 0, 0, 0]
4:7:138:!(scala.actors.Channel@bd45,false):90:[6, 4, 10, 0, 12, 0, 18, 27, 0, 0, 0, 0, 0, 0, 0, 0, 0, 0, 0, 0]
7:6:140:InsertNewBackward(1,samira.procreg.Monitor@bd4e):91:[6, 4, 10, 0, 12, 0, 18, 30, 0, 0, 0, 0, 0, 0, 0, 0, 0, 0, 0, 0]
6:7:141:!(scala.actors.Channel@bd26,true):92:[6, 4, 10, 0, 12, 0, 20, 30, 0, 0, 0, 0, 0, 0, 0, 0, 0, 0, 0, 0]
7:7:139:Down(1):93:[6, 4, 10, 0, 12, 0, 18, 29, 0, 0, 0, 0, 0, 0, 0, 0, 0, 0, 0, 0]
7:6:142:GetMatch(1):94:[6, 4, 10, 0, 12, 0, 20, 33, 0, 0, 0, 0, 0, 0, 0, 0, 0, 0, 0, 0]
6:7:143:!(scala.actors.Channel@bcaf,Some(samira.procreg.Monitor@bd4e)):95:[6, 4, 10, 0, 12, 0, 22, 33, 0, 0, 0, 0, 0, 0, 0, 0, 0, 0, 0, 0]
7:6:144:DeleteEntry(1):96:[6, 4, 10, 0, 12, 0, 22, 35, 0, 0, 0, 0, 0, 0, 0, 0, 0, 0, 0, 0]
6:7:145:!(scala.actors.Channel@bd26,()):97:[6, 4, 10, 0, 12, 0, 24, 35, 0, 0, 0, 0, 0, 0, 0, 0, 0, 0, 0, 0]
##BUG:NO_BUG:4:5sec:44
0:4:100:spawn(pName):0:[1, 0, 0, 0, 0, 0, 0, 0, 0, 0, 0, 0, 0, 0, 0, 0, 0, 0, 0, 0]
4:0:101:!(scala.actors.Channel@ba76,1):1:[1, 0, 0, 0, 2, 0, 0, 0, 0, 0, 0, 0, 0, 0, 0, 0, 0, 0, 0, 0]
0:4:102:kill(1):2:[3, 0, 0, 0, 2, 0, 0, 0, 0, 0, 0, 0, 0, 0, 0, 0, 0, 0, 0, 0]
4:0:103:!(scala.actors.Channel@bfde,()):3:[3, 0, 0, 0, 4, 0, 0, 0, 0, 0, 0, 0, 0, 0, 0, 0, 0, 0, 0, 0]
0:1:104:Register(pName,1):4:[5, 0, 0, 0, 4, 0, 0, 0, 0, 0, 0, 0, 0, 0, 0, 0, 0, 0, 0, 0]
0:2:105:Register(pName,1):5:[6, 0, 0, 0, 4, 0, 0, 0, 0, 0, 0, 0, 0, 0, 0, 0, 0, 0, 0, 0]
1:6:106:InsertNewForward(pName,1):6:[5, 2, 0, 0, 4, 0, 0, 0, 0, 0, 0, 0, 0, 0, 0, 0, 0, 0, 0, 0]
6:1:108:!(scala.actors.Channel@bf01,true):7:[5, 2, 0, 0, 4, 0, 2, 0, 0, 0, 0, 0, 0, 0, 0, 0, 0, 0, 0, 0]
2:6:107:InsertNewForward(pName,1):8:[6, 0, 2, 0, 4, 0, 0, 0, 0, 0, 0, 0, 0, 0, 0, 0, 0, 0, 0, 0]
6:2:110:!(scala.actors.Channel@be8d,false):9:[6, 2, 2, 0, 4, 0, 4, 0, 0, 0, 0, 0, 0, 0, 0, 0, 0, 0, 0, 0]
2:7:111:Where(pName):10:[6, 2, 4, 0, 4, 0, 4, 0, 0, 0, 0, 0, 0, 0, 0, 0, 0, 0, 0, 0]
7:6:112:Lookup(pName):98:[6, 2, 4, 0, 4, 0, 4, 2, 0, 0, 0, 0, 0, 0, 0, 0, 0, 0, 0, 0]
6:7:113:!(scala.actors.Channel@bd45,1):99:[6, 2, 4, 0, 4, 0, 6, 2, 0, 0, 0, 0, 0, 0, 0, 0, 0, 0, 0, 0]
7:4:114:isProcessAlive(1):100:[6, 2, 4, 0, 4, 0, 6, 4, 0, 0, 0, 0, 0, 0, 0, 0, 0, 0, 0, 0]
4:7:115:!(scala.actors.Channel@bd26,false):101:[6, 2, 4, 0, 6, 0, 6, 4, 0, 0, 0, 0, 0, 0, 0, 0, 0, 0, 0, 0]
7:2:116:!(scala.actors.Channel@bda5,-1):102:[6, 2, 4, 0, 6, 0, 6, 6, 0, 0, 0, 0, 0, 0, 0, 0, 0, 0, 0, 0]
1:7:109:Reg(1):103:[5, 4, 0, 0, 4, 0, 2, 0, 0, 0, 0, 0, 0, 0, 0, 0, 0, 0, 0, 0]
7:4:118:isProcessAlive(1):104:[6, 4, 4, 0, 6, 0, 6, 8, 0, 0, 0, 0, 0, 0, 0, 0, 0, 0, 0, 0]
4:7:119:!(scala.actors.Channel@bcaf,false):105:[6, 4, 4, 0, 8, 0, 6, 8, 0, 0, 0, 0, 0, 0, 0, 0, 0, 0, 0, 0]
7:6:121:InsertNewBackward(1,samira.procreg.Monitor@bd4e):106:[6, 4, 4, 0, 8, 0, 6, 11, 0, 0, 0, 0, 0, 0, 0, 0, 0, 0, 0, 0]
6:7:122:!(scala.actors.Channel@bd26,true):107:[6, 4, 4, 0, 8, 0, 8, 11, 0, 0, 0, 0, 0, 0, 0, 0, 0, 0, 0, 0]
2:7:117:Audit(pName):108:[6, 2, 6, 0, 6, 0, 6, 6, 0, 0, 0, 0, 0, 0, 0, 0, 0, 0, 0, 0]
7:6:123:Lookup(pName):109:[6, 4, 6, 0, 8, 0, 8, 14, 0, 0, 0, 0, 0, 0, 0, 0, 0, 0, 0, 0]
6:7:124:!(scala.actors.Channel@bd45,1):110:[6, 4, 6, 0, 8, 0, 10, 14, 0, 0, 0, 0, 0, 0, 0, 0, 0, 0, 0, 0]
7:4:125:isProcessAlive(1):111:[6, 4, 6, 0, 8, 0, 10, 16, 0, 0, 0, 0, 0, 0, 0, 0, 0, 0, 0, 0]
4:7:126:!(scala.actors.Channel@bd26,false):112:[6, 4, 6, 0, 10, 0, 10, 16, 0, 0, 0, 0, 0, 0, 0, 0, 0, 0, 0, 0]
7:6:127:DeleteEntry(1):113:[6, 4, 6, 0, 10, 0, 10, 18, 0, 0, 0, 0, 0, 0, 0, 0, 0, 0, 0, 0]
6:7:128:!(scala.actors.Channel@bcaf,()):114:[6, 4, 6, 0, 10, 0, 12, 18, 0, 0, 0, 0, 0, 0, 0, 0, 0, 0, 0, 0]
7:2:129:!(scala.actors.Channel@be8d,()):115:[6, 4, 6, 0, 10, 0, 12, 20, 0, 0, 0, 0, 0, 0, 0, 0, 0, 0, 0, 0]
2:6:130:InsertNewForward(pName,1):116:[6, 4, 8, 0, 10, 0, 12, 20, 0, 0, 0, 0, 0, 0, 0, 0, 0, 0, 0, 0]
6:2:131:!(scala.actors.Channel@bda5,true):117:[6, 4, 8, 0, 10, 0, 14, 20, 0, 0, 0, 0, 0, 0, 0, 0, 0, 0, 0, 0]
7:7:120:Down(1):118:[6, 4, 4, 0, 8, 0, 6, 10, 0, 0, 0, 0, 0, 0, 0, 0, 0, 0, 0, 0]
7:6:133:GetMatch(1):119:[6, 4, 6, 0, 10, 0, 12, 22, 0, 0, 0, 0, 0, 0, 0, 0, 0, 0, 0, 0]
6:7:134:!(scala.actors.Channel@bd45,None):120:[6, 4, 8, 0, 10, 0, 16, 22, 0, 0, 0, 0, 0, 0, 0, 0, 0, 0, 0, 0]
2:7:132:Reg(1):121:[6, 4, 10, 0, 10, 0, 14, 20, 0, 0, 0, 0, 0, 0, 0, 0, 0, 0, 0, 0]
7:4:135:isProcessAlive(1):122:[6, 4, 10, 0, 10, 0, 16, 25, 0, 0, 0, 0, 0, 0, 0, 0, 0, 0, 0, 0]
4:7:136:!(scala.actors.Channel@bcaf,false):123:[6, 4, 10, 0, 12, 0, 16, 25, 0, 0, 0, 0, 0, 0, 0, 0, 0, 0, 0, 0]
7:6:138:InsertNewBackward(1,samira.procreg.Monitor@bd4e):124:[6, 4, 10, 0, 12, 0, 16, 28, 0, 0, 0, 0, 0, 0, 0, 0, 0, 0, 0, 0]
6:7:139:!(scala.actors.Channel@bd26,true):125:[6, 4, 10, 0, 12, 0, 18, 28, 0, 0, 0, 0, 0, 0, 0, 0, 0, 0, 0, 0]
7:7:137:Down(1):126:[6, 4, 10, 0, 12, 0, 16, 27, 0, 0, 0, 0, 0, 0, 0, 0, 0, 0, 0, 0]
7:6:140:GetMatch(1):127:[6, 4, 10, 0, 12, 0, 18, 31, 0, 0, 0, 0, 0, 0, 0, 0, 0, 0, 0, 0]
6:7:141:!(scala.actors.Channel@bd45,Some(samira.procreg.Monitor@bd4e)):128:[6, 4, 10, 0, 12, 0, 20, 31, 0, 0, 0, 0, 0, 0, 0, 0, 0, 0, 0, 0]
7:6:142:DeleteEntry(1):129:[6, 4, 10, 0, 12, 0, 20, 33, 0, 0, 0, 0, 0, 0, 0, 0, 0, 0, 0, 0]
6:7:143:!(scala.actors.Channel@bd26,()):130:[6, 4, 10, 0, 12, 0, 22, 33, 0, 0, 0, 0, 0, 0, 0, 0, 0, 0, 0, 0]
##BUG:NO_BUG:5:6sec:46
0:4:100:spawn(pName):0:[1, 0, 0, 0, 0, 0, 0, 0, 0, 0, 0, 0, 0, 0, 0, 0, 0, 0, 0, 0]
4:0:101:!(scala.actors.Channel@ba76,1):1:[1, 0, 0, 0, 2, 0, 0, 0, 0, 0, 0, 0, 0, 0, 0, 0, 0, 0, 0, 0]
0:4:102:kill(1):2:[3, 0, 0, 0, 2, 0, 0, 0, 0, 0, 0, 0, 0, 0, 0, 0, 0, 0, 0, 0]
4:0:103:!(scala.actors.Channel@bfde,()):3:[3, 0, 0, 0, 4, 0, 0, 0, 0, 0, 0, 0, 0, 0, 0, 0, 0, 0, 0, 0]
0:1:104:Register(pName,1):4:[5, 0, 0, 0, 4, 0, 0, 0, 0, 0, 0, 0, 0, 0, 0, 0, 0, 0, 0, 0]
0:2:105:Register(pName,1):5:[6, 0, 0, 0, 4, 0, 0, 0, 0, 0, 0, 0, 0, 0, 0, 0, 0, 0, 0, 0]
1:6:106:InsertNewForward(pName,1):6:[5, 2, 0, 0, 4, 0, 0, 0, 0, 0, 0, 0, 0, 0, 0, 0, 0, 0, 0, 0]
6:1:108:!(scala.actors.Channel@bf01,true):7:[5, 2, 0, 0, 4, 0, 2, 0, 0, 0, 0, 0, 0, 0, 0, 0, 0, 0, 0, 0]
1:7:109:Reg(1):8:[5, 4, 0, 0, 4, 0, 2, 0, 0, 0, 0, 0, 0, 0, 0, 0, 0, 0, 0, 0]
7:4:110:isProcessAlive(1):131:[5, 4, 0, 0, 4, 0, 2, 2, 0, 0, 0, 0, 0, 0, 0, 0, 0, 0, 0, 0]
2:6:107:InsertNewForward(pName,1):132:[6, 0, 2, 0, 4, 0, 0, 0, 0, 0, 0, 0, 0, 0, 0, 0, 0, 0, 0, 0]
6:2:112:!(scala.actors.Channel@be8d,false):133:[6, 2, 2, 0, 4, 0, 4, 0, 0, 0, 0, 0, 0, 0, 0, 0, 0, 0, 0, 0]
4:7:111:!(scala.actors.Channel@bd45,false):134:[5, 4, 0, 0, 6, 0, 2, 2, 0, 0, 0, 0, 0, 0, 0, 0, 0, 0, 0, 0]
7:6:115:InsertNewBackward(1,samira.procreg.Monitor@bd4e):135:[5, 4, 0, 0, 6, 0, 2, 5, 0, 0, 0, 0, 0, 0, 0, 0, 0, 0, 0, 0]
6:7:116:!(scala.actors.Channel@bd26,true):136:[6, 4, 2, 0, 6, 0, 6, 5, 0, 0, 0, 0, 0, 0, 0, 0, 0, 0, 0, 0]
2:7:113:Where(pName):137:[6, 2, 4, 0, 4, 0, 4, 0, 0, 0, 0, 0, 0, 0, 0, 0, 0, 0, 0, 0]
7:6:117:Lookup(pName):138:[6, 4, 4, 0, 6, 0, 6, 8, 0, 0, 0, 0, 0, 0, 0, 0, 0, 0, 0, 0]
6:7:118:!(scala.actors.Channel@bcaf,1):139:[6, 4, 4, 0, 6, 0, 8, 8, 0, 0, 0, 0, 0, 0, 0, 0, 0, 0, 0, 0]
7:4:119:isProcessAlive(1):140:[6, 4, 4, 0, 6, 0, 8, 10, 0, 0, 0, 0, 0, 0, 0, 0, 0, 0, 0, 0]
4:7:120:!(scala.actors.Channel@bd26,false):141:[6, 4, 4, 0, 8, 0, 8, 10, 0, 0, 0, 0, 0, 0, 0, 0, 0, 0, 0, 0]
7:2:121:!(scala.actors.Channel@bda5,-1):142:[6, 4, 4, 0, 8, 0, 8, 12, 0, 0, 0, 0, 0, 0, 0, 0, 0, 0, 0, 0]
7:7:114:Down(1):143:[5, 4, 0, 0, 6, 0, 2, 4, 0, 0, 0, 0, 0, 0, 0, 0, 0, 0, 0, 0]
7:6:123:GetMatch(1):144:[6, 4, 4, 0, 8, 0, 8, 14, 0, 0, 0, 0, 0, 0, 0, 0, 0, 0, 0, 0]
6:7:124:!(scala.actors.Channel@bd45,Some(samira.procreg.Monitor@bd4e)):145:[6, 4, 4, 0, 8, 0, 10, 14, 0, 0, 0, 0, 0, 0, 0, 0, 0, 0, 0, 0]
7:6:125:DeleteEntry(1):146:[6, 4, 4, 0, 8, 0, 10, 16, 0, 0, 0, 0, 0, 0, 0, 0, 0, 0, 0, 0]
6:7:126:!(scala.actors.Channel@bcaf,()):147:[6, 4, 4, 0, 8, 0, 12, 16, 0, 0, 0, 0, 0, 0, 0, 0, 0, 0, 0, 0]
2:7:122:Audit(pName):148:[6, 4, 6, 0, 8, 0, 8, 12, 0, 0, 0, 0, 0, 0, 0, 0, 0, 0, 0, 0]
7:6:127:Lookup(pName):149:[6, 4, 6, 0, 8, 0, 12, 19, 0, 0, 0, 0, 0, 0, 0, 0, 0, 0, 0, 0]
6:7:128:!(scala.actors.Channel@bd45,-1):150:[6, 4, 6, 0, 8, 0, 14, 19, 0, 0, 0, 0, 0, 0, 0, 0, 0, 0, 0, 0]
7:4:129:isProcessAlive(-1):151:[6, 4, 6, 0, 8, 0, 14, 21, 0, 0, 0, 0, 0, 0, 0, 0, 0, 0, 0, 0]
4:7:130:!(scala.actors.Channel@bcaf,false):152:[6, 4, 6, 0, 10, 0, 14, 21, 0, 0, 0, 0, 0, 0, 0, 0, 0, 0, 0, 0]
7:6:131:DeleteEntry(-1):153:[6, 4, 6, 0, 10, 0, 14, 23, 0, 0, 0, 0, 0, 0, 0, 0, 0, 0, 0, 0]
6:7:132:!(scala.actors.Channel@bd26,()):154:[6, 4, 6, 0, 10, 0, 16, 23, 0, 0, 0, 0, 0, 0, 0, 0, 0, 0, 0, 0]
7:2:133:!(scala.actors.Channel@be8d,()):155:[6, 4, 6, 0, 10, 0, 16, 25, 0, 0, 0, 0, 0, 0, 0, 0, 0, 0, 0, 0]
2:6:134:InsertNewForward(pName,1):156:[6, 4, 8, 0, 10, 0, 16, 25, 0, 0, 0, 0, 0, 0, 0, 0, 0, 0, 0, 0]
6:2:135:!(scala.actors.Channel@bda5,true):157:[6, 4, 8, 0, 10, 0, 18, 25, 0, 0, 0, 0, 0, 0, 0, 0, 0, 0, 0, 0]
2:7:136:Reg(1):158:[6, 4, 10, 0, 10, 0, 18, 25, 0, 0, 0, 0, 0, 0, 0, 0, 0, 0, 0, 0]
7:4:137:isProcessAlive(1):159:[6, 4, 10, 0, 10, 0, 18, 27, 0, 0, 0, 0, 0, 0, 0, 0, 0, 0, 0, 0]
4:7:138:!(scala.actors.Channel@bd45,false):160:[6, 4, 10, 0, 12, 0, 18, 27, 0, 0, 0, 0, 0, 0, 0, 0, 0, 0, 0, 0]
7:6:140:InsertNewBackward(1,samira.procreg.Monitor@bd4e):161:[6, 4, 10, 0, 12, 0, 18, 30, 0, 0, 0, 0, 0, 0, 0, 0, 0, 0, 0, 0]
6:7:141:!(scala.actors.Channel@bd26,true):162:[6, 4, 10, 0, 12, 0, 20, 30, 0, 0, 0, 0, 0, 0, 0, 0, 0, 0, 0, 0]
7:7:139:Down(1):163:[6, 4, 10, 0, 12, 0, 18, 29, 0, 0, 0, 0, 0, 0, 0, 0, 0, 0, 0, 0]
7:6:142:GetMatch(1):164:[6, 4, 10, 0, 12, 0, 20, 33, 0, 0, 0, 0, 0, 0, 0, 0, 0, 0, 0, 0]
6:7:143:!(scala.actors.Channel@bcaf,Some(samira.procreg.Monitor@bd4e)):165:[6, 4, 10, 0, 12, 0, 22, 33, 0, 0, 0, 0, 0, 0, 0, 0, 0, 0, 0, 0]
7:6:144:DeleteEntry(1):166:[6, 4, 10, 0, 12, 0, 22, 35, 0, 0, 0, 0, 0, 0, 0, 0, 0, 0, 0, 0]
6:7:145:!(scala.actors.Channel@bd26,()):167:[6, 4, 10, 0, 12, 0, 24, 35, 0, 0, 0, 0, 0, 0, 0, 0, 0, 0, 0, 0]
##BUG:NO_BUG:6:7sec:46
0:4:100:spawn(pName):0:[1, 0, 0, 0, 0, 0, 0, 0, 0, 0, 0, 0, 0, 0, 0, 0, 0, 0, 0, 0]
4:0:101:!(scala.actors.Channel@ba76,1):1:[1, 0, 0, 0, 2, 0, 0, 0, 0, 0, 0, 0, 0, 0, 0, 0, 0, 0, 0, 0]
0:4:102:kill(1):2:[3, 0, 0, 0, 2, 0, 0, 0, 0, 0, 0, 0, 0, 0, 0, 0, 0, 0, 0, 0]
4:0:103:!(scala.actors.Channel@bfde,()):3:[3, 0, 0, 0, 4, 0, 0, 0, 0, 0, 0, 0, 0, 0, 0, 0, 0, 0, 0, 0]
0:1:104:Register(pName,1):4:[5, 0, 0, 0, 4, 0, 0, 0, 0, 0, 0, 0, 0, 0, 0, 0, 0, 0, 0, 0]
0:2:105:Register(pName,1):5:[6, 0, 0, 0, 4, 0, 0, 0, 0, 0, 0, 0, 0, 0, 0, 0, 0, 0, 0, 0]
2:6:107:InsertNewForward(pName,1):6:[6, 0, 2, 0, 4, 0, 0, 0, 0, 0, 0, 0, 0, 0, 0, 0, 0, 0, 0, 0]
6:2:108:!(scala.actors.Channel@be8d,true):168:[6, 0, 2, 0, 4, 0, 2, 0, 0, 0, 0, 0, 0, 0, 0, 0, 0, 0, 0, 0]
1:6:106:InsertNewForward(pName,1):169:[5, 2, 0, 0, 4, 0, 0, 0, 0, 0, 0, 0, 0, 0, 0, 0, 0, 0, 0, 0]
6:1:110:!(scala.actors.Channel@bf01,false):170:[6, 2, 2, 0, 4, 0, 4, 0, 0, 0, 0, 0, 0, 0, 0, 0, 0, 0, 0, 0]
2:7:109:Reg(1):171:[6, 0, 4, 0, 4, 0, 2, 0, 0, 0, 0, 0, 0, 0, 0, 0, 0, 0, 0, 0]
7:4:112:isProcessAlive(1):172:[6, 0, 4, 0, 4, 0, 2, 2, 0, 0, 0, 0, 0, 0, 0, 0, 0, 0, 0, 0]
4:7:113:!(scala.actors.Channel@bd45,false):173:[6, 0, 4, 0, 6, 0, 2, 2, 0, 0, 0, 0, 0, 0, 0, 0, 0, 0, 0, 0]
7:6:115:InsertNewBackward(1,samira.procreg.Monitor@bd4e):174:[6, 0, 4, 0, 6, 0, 2, 5, 0, 0, 0, 0, 0, 0, 0, 0, 0, 0, 0, 0]
6:7:116:!(scala.actors.Channel@bd26,true):175:[6, 2, 4, 0, 6, 0, 6, 5, 0, 0, 0, 0, 0, 0, 0, 0, 0, 0, 0, 0]
1:7:111:Where(pName):176:[6, 4, 2, 0, 4, 0, 4, 0, 0, 0, 0, 0, 0, 0, 0, 0, 0, 0, 0, 0]
7:6:117:Lookup(pName):177:[6, 4, 4, 0, 6, 0, 6, 8, 0, 0, 0, 0, 0, 0, 0, 0, 0, 0, 0, 0]
6:7:118:!(scala.actors.Channel@bcaf,1):178:[6, 4, 4, 0, 6, 0, 8, 8, 0, 0, 0, 0, 0, 0, 0, 0, 0, 0, 0, 0]
7:4:119:isProcessAlive(1):179:[6, 4, 4, 0, 6, 0, 8, 10, 0, 0, 0, 0, 0, 0, 0, 0, 0, 0, 0, 0]
4:7:120:!(scala.actors.Channel@bd26,false):180:[6, 4, 4, 0, 8, 0, 8, 10, 0, 0, 0, 0, 0, 0, 0, 0, 0, 0, 0, 0]
7:1:121:!(scala.actors.Channel@87fd,-1):181:[6, 4, 4, 0, 8, 0, 8, 12, 0, 0, 0, 0, 0, 0, 0, 0, 0, 0, 0, 0]
7:7:114:Down(1):182:[6, 0, 4, 0, 6, 0, 2, 4, 0, 0, 0, 0, 0, 0, 0, 0, 0, 0, 0, 0]
7:6:123:GetMatch(1):183:[6, 4, 4, 0, 8, 0, 8, 14, 0, 0, 0, 0, 0, 0, 0, 0, 0, 0, 0, 0]
6:7:124:!(scala.actors.Channel@bd45,Some(samira.procreg.Monitor@bd4e)):184:[6, 4, 4, 0, 8, 0, 10, 14, 0, 0, 0, 0, 0, 0, 0, 0, 0, 0, 0, 0]
7:6:125:DeleteEntry(1):185:[6, 4, 4, 0, 8, 0, 10, 16, 0, 0, 0, 0, 0, 0, 0, 0, 0, 0, 0, 0]
6:7:126:!(scala.actors.Channel@bcaf,()):186:[6, 4, 4, 0, 8, 0, 12, 16, 0, 0, 0, 0, 0, 0, 0, 0, 0, 0, 0, 0]
1:7:122:Audit(pName):187:[6, 6, 4, 0, 8, 0, 8, 12, 0, 0, 0, 0, 0, 0, 0, 0, 0, 0, 0, 0]
7:6:127:Lookup(pName):188:[6, 6, 4, 0, 8, 0, 12, 19, 0, 0, 0, 0, 0, 0, 0, 0, 0, 0, 0, 0]
6:7:128:!(scala.actors.Channel@bd45,-1):189:[6, 6, 4, 0, 8, 0, 14, 19, 0, 0, 0, 0, 0, 0, 0, 0, 0, 0, 0, 0]
7:4:129:isProcessAlive(-1):190:[6, 6, 4, 0, 8, 0, 14, 21, 0, 0, 0, 0, 0, 0, 0, 0, 0, 0, 0, 0]
4:7:130:!(scala.actors.Channel@bcaf,false):191:[6, 6, 4, 0, 10, 0, 14, 21, 0, 0, 0, 0, 0, 0, 0, 0, 0, 0, 0, 0]
7:6:131:DeleteEntry(-1):192:[6, 6, 4, 0, 10, 0, 14, 23, 0, 0, 0, 0, 0, 0, 0, 0, 0, 0, 0, 0]
6:7:132:!(scala.actors.Channel@bd26,()):193:[6, 6, 4, 0, 10, 0, 16, 23, 0, 0, 0, 0, 0, 0, 0, 0, 0, 0, 0, 0]
7:1:133:!(scala.actors.Channel@bf01,()):194:[6, 6, 4, 0, 10, 0, 16, 25, 0, 0, 0, 0, 0, 0, 0, 0, 0, 0, 0, 0]
1:6:134:InsertNewForward(pName,1):195:[6, 8, 4, 0, 10, 0, 16, 25, 0, 0, 0, 0, 0, 0, 0, 0, 0, 0, 0, 0]
6:1:135:!(scala.actors.Channel@87fd,true):196:[6, 8, 4, 0, 10, 0, 18, 25, 0, 0, 0, 0, 0, 0, 0, 0, 0, 0, 0, 0]
1:7:136:Reg(1):197:[6, 10, 4, 0, 10, 0, 18, 25, 0, 0, 0, 0, 0, 0, 0, 0, 0, 0, 0, 0]
7:4:137:isProcessAlive(1):198:[6, 10, 4, 0, 10, 0, 18, 27, 0, 0, 0, 0, 0, 0, 0, 0, 0, 0, 0, 0]
4:7:138:!(scala.actors.Channel@bd45,false):199:[6, 10, 4, 0, 12, 0, 18, 27, 0, 0, 0, 0, 0, 0, 0, 0, 0, 0, 0, 0]
7:6:140:InsertNewBackward(1,samira.procreg.Monitor@bd4e):200:[6, 10, 4, 0, 12, 0, 18, 30, 0, 0, 0, 0, 0, 0, 0, 0, 0, 0, 0, 0]
6:7:141:!(scala.actors.Channel@bd26,true):201:[6, 10, 4, 0, 12, 0, 20, 30, 0, 0, 0, 0, 0, 0, 0, 0, 0, 0, 0, 0]
7:7:139:Down(1):202:[6, 10, 4, 0, 12, 0, 18, 29, 0, 0, 0, 0, 0, 0, 0, 0, 0, 0, 0, 0]
7:6:142:GetMatch(1):203:[6, 10, 4, 0, 12, 0, 20, 33, 0, 0, 0, 0, 0, 0, 0, 0, 0, 0, 0, 0]
6:7:143:!(scala.actors.Channel@bcaf,Some(samira.procreg.Monitor@bd4e)):204:[6, 10, 4, 0, 12, 0, 22, 33, 0, 0, 0, 0, 0, 0, 0, 0, 0, 0, 0, 0]
7:6:144:DeleteEntry(1):205:[6, 10, 4, 0, 12, 0, 22, 35, 0, 0, 0, 0, 0, 0, 0, 0, 0, 0, 0, 0]
6:7:145:!(scala.actors.Channel@bd26,()):206:[6, 10, 4, 0, 12, 0, 24, 35, 0, 0, 0, 0, 0, 0, 0, 0, 0, 0, 0, 0]
