##BUG:NO_BUG:1:2sec:43
0:4:100:spawn(pName):0:[1, 0, 0, 0, 0, 0, 0, 0, 0, 0, 0, 0, 0, 0, 0, 0, 0, 0, 0, 0]
4:0:101:!(scala.actors.Channel@ba76,1):1:[1, 0, 0, 0, 2, 0, 0, 0, 0, 0, 0, 0, 0, 0, 0, 0, 0, 0, 0, 0]
0:4:102:kill(1):2:[3, 0, 0, 0, 2, 0, 0, 0, 0, 0, 0, 0, 0, 0, 0, 0, 0, 0, 0, 0]
4:0:103:!(scala.actors.Channel@bfde,()):3:[3, 0, 0, 0, 4, 0, 0, 0, 0, 0, 0, 0, 0, 0, 0, 0, 0, 0, 0, 0]
0:3:106:Register(pName,1):4:[7, 0, 0, 0, 4, 0, 0, 0, 0, 0, 0, 0, 0, 0, 0, 0, 0, 0, 0, 0]
3:6:107:InsertNewForward(pName,1):5:[7, 0, 0, 2, 4, 0, 0, 0, 0, 0, 0, 0, 0, 0, 0, 0, 0, 0, 0, 0]
6:3:108:!(scala.actors.Channel@bf2a,true):6:[7, 0, 0, 2, 4, 0, 2, 0, 0, 0, 0, 0, 0, 0, 0, 0, 0, 0, 0, 0]
3:7:109:Reg(1):7:[7, 0, 0, 4, 4, 0, 2, 0, 0, 0, 0, 0, 0, 0, 0, 0, 0, 0, 0, 0]
7:4:110:isProcessAlive(1):8:[7, 0, 0, 4, 4, 0, 2, 2, 0, 0, 0, 0, 0, 0, 0, 0, 0, 0, 0, 0]
4:7:111:!(scala.actors.Channel@bde0,false):9:[7, 0, 0, 4, 6, 0, 2, 2, 0, 0, 0, 0, 0, 0, 0, 0, 0, 0, 0, 0]
7:6:113:InsertNewBackward(1,samira.procreg.Monitor@bde5):10:[7, 0, 0, 4, 6, 0, 2, 5, 0, 0, 0, 0, 0, 0, 0, 0, 0, 0, 0, 0]
6:7:114:!(scala.actors.Channel@bd42,true):11:[7, 0, 0, 4, 6, 0, 4, 5, 0, 0, 0, 0, 0, 0, 0, 0, 0, 0, 0, 0]
7:7:112:Down(1):12:[7, 0, 0, 4, 6, 0, 2, 4, 0, 0, 0, 0, 0, 0, 0, 0, 0, 0, 0, 0]
7:6:115:GetMatch(1):13:[7, 0, 0, 4, 6, 0, 4, 8, 0, 0, 0, 0, 0, 0, 0, 0, 0, 0, 0, 0]
6:7:116:!(scala.actors.Channel@bcc3,Some(samira.procreg.Monitor@bde5)):14:[7, 0, 0, 4, 6, 0, 6, 8, 0, 0, 0, 0, 0, 0, 0, 0, 0, 0, 0, 0]
7:6:117:DeleteEntry(1):15:[7, 0, 0, 4, 6, 0, 6, 10, 0, 0, 0, 0, 0, 0, 0, 0, 0, 0, 0, 0]
6:7:118:!(scala.actors.Channel@bd42,()):16:[7, 0, 0, 4, 6, 0, 8, 10, 0, 0, 0, 0, 0, 0, 0, 0, 0, 0, 0, 0]
0:2:105:Register(pName,1):17:[6, 0, 0, 0, 4, 0, 0, 0, 0, 0, 0, 0, 0, 0, 0, 0, 0, 0, 0, 0]
2:6:119:InsertNewForward(pName,1):18:[6, 0, 2, 0, 4, 0, 0, 0, 0, 0, 0, 0, 0, 0, 0, 0, 0, 0, 0, 0]
6:2:120:!(scala.actors.Channel@bc6a,true):19:[7, 0, 2, 4, 6, 0, 10, 10, 0, 0, 0, 0, 0, 0, 0, 0, 0, 0, 0, 0]
2:7:121:Reg(1):20:[7, 0, 4, 4, 6, 0, 10, 10, 0, 0, 0, 0, 0, 0, 0, 0, 0, 0, 0, 0]
7:4:122:isProcessAlive(1):21:[7, 0, 4, 4, 6, 0, 10, 13, 0, 0, 0, 0, 0, 0, 0, 0, 0, 0, 0, 0]
4:7:123:!(scala.actors.Channel@bcc3,false):22:[7, 0, 4, 4, 8, 0, 10, 13, 0, 0, 0, 0, 0, 0, 0, 0, 0, 0, 0, 0]
7:6:125:InsertNewBackward(1,samira.procreg.Monitor@bde5):23:[7, 0, 4, 4, 8, 0, 10, 16, 0, 0, 0, 0, 0, 0, 0, 0, 0, 0, 0, 0]
6:7:126:!(scala.actors.Channel@bde0,true):24:[7, 0, 4, 4, 8, 0, 12, 16, 0, 0, 0, 0, 0, 0, 0, 0, 0, 0, 0, 0]
7:7:124:Down(1):25:[7, 0, 4, 4, 8, 0, 10, 15, 0, 0, 0, 0, 0, 0, 0, 0, 0, 0, 0, 0]
7:6:127:GetMatch(1):26:[7, 0, 4, 4, 8, 0, 12, 19, 0, 0, 0, 0, 0, 0, 0, 0, 0, 0, 0, 0]
6:7:128:!(scala.actors.Channel@bd42,Some(samira.procreg.Monitor@bde5)):27:[7, 0, 4, 4, 8, 0, 14, 19, 0, 0, 0, 0, 0, 0, 0, 0, 0, 0, 0, 0]
7:6:129:DeleteEntry(1):28:[7, 0, 4, 4, 8, 0, 14, 21, 0, 0, 0, 0, 0, 0, 0, 0, 0, 0, 0, 0]
6:7:130:!(scala.actors.Channel@bde0,()):29:[7, 0, 4, 4, 8, 0, 16, 21, 0, 0, 0, 0, 0, 0, 0, 0, 0, 0, 0, 0]
0:1:104:Register(pName,1):30:[5, 0, 0, 0, 4, 0, 0, 0, 0, 0, 0, 0, 0, 0, 0, 0, 0, 0, 0, 0]
1:6:131:InsertNewForward(pName,1):31:[5, 2, 0, 0, 4, 0, 0, 0, 0, 0, 0, 0, 0, 0, 0, 0, 0, 0, 0, 0]
6:1:132:!(scala.actors.Channel@b35a,true):32:[7, 2, 4, 4, 8, 0, 18, 21, 0, 0, 0, 0, 0, 0, 0, 0, 0, 0, 0, 0]
1:7:133:Reg(1):33:[7, 4, 4, 4, 8, 0, 18, 21, 0, 0, 0, 0, 0, 0, 0, 0, 0, 0, 0, 0]
7:4:134:isProcessAlive(1):34:[7, 4, 4, 4, 8, 0, 18, 24, 0, 0, 0, 0, 0, 0, 0, 0, 0, 0, 0, 0]
4:7:135:!(scala.actors.Channel@bd42,false):35:[7, 4, 4, 4, 10, 0, 18, 24, 0, 0, 0, 0, 0, 0, 0, 0, 0, 0, 0, 0]
7:6:137:InsertNewBackward(1,samira.procreg.Monitor@bde5):36:[7, 4, 4, 4, 10, 0, 18, 27, 0, 0, 0, 0, 0, 0, 0, 0, 0, 0, 0, 0]
6:7:138:!(scala.actors.Channel@bde0,true):37:[7, 4, 4, 4, 10, 0, 20, 27, 0, 0, 0, 0, 0, 0, 0, 0, 0, 0, 0, 0]
7:7:136:Down(1):38:[7, 4, 4, 4, 10, 0, 18, 26, 0, 0, 0, 0, 0, 0, 0, 0, 0, 0, 0, 0]
7:6:139:GetMatch(1):39:[7, 4, 4, 4, 10, 0, 20, 30, 0, 0, 0, 0, 0, 0, 0, 0, 0, 0, 0, 0]
6:7:140:!(scala.actors.Channel@bcc3,Some(samira.procreg.Monitor@bde5)):40:[7, 4, 4, 4, 10, 0, 22, 30, 0, 0, 0, 0, 0, 0, 0, 0, 0, 0, 0, 0]
7:6:141:DeleteEntry(1):41:[7, 4, 4, 4, 10, 0, 22, 32, 0, 0, 0, 0, 0, 0, 0, 0, 0, 0, 0, 0]
6:7:142:!(scala.actors.Channel@bde0,()):42:[7, 4, 4, 4, 10, 0, 24, 32, 0, 0, 0, 0, 0, 0, 0, 0, 0, 0, 0, 0]
##BUG:NO_BUG:2:3sec:43
0:4:100:spawn(pName):0:[1, 0, 0, 0, 0, 0, 0, 0, 0, 0, 0, 0, 0, 0, 0, 0, 0, 0, 0, 0]
4:0:101:!(scala.actors.Channel@ba76,1):1:[1, 0, 0, 0, 2, 0, 0, 0, 0, 0, 0, 0, 0, 0, 0, 0, 0, 0, 0, 0]
0:4:102:kill(1):2:[3, 0, 0, 0, 2, 0, 0, 0, 0, 0, 0, 0, 0, 0, 0, 0, 0, 0, 0, 0]
4:0:103:!(scala.actors.Channel@bfde,()):3:[3, 0, 0, 0, 4, 0, 0, 0, 0, 0, 0, 0, 0, 0, 0, 0, 0, 0, 0, 0]
0:3:106:Register(pName,1):4:[7, 0, 0, 0, 4, 0, 0, 0, 0, 0, 0, 0, 0, 0, 0, 0, 0, 0, 0, 0]
3:6:107:InsertNewForward(pName,1):5:[7, 0, 0, 2, 4, 0, 0, 0, 0, 0, 0, 0, 0, 0, 0, 0, 0, 0, 0, 0]
6:3:108:!(scala.actors.Channel@bf2a,true):6:[7, 0, 0, 2, 4, 0, 2, 0, 0, 0, 0, 0, 0, 0, 0, 0, 0, 0, 0, 0]
3:7:109:Reg(1):7:[7, 0, 0, 4, 4, 0, 2, 0, 0, 0, 0, 0, 0, 0, 0, 0, 0, 0, 0, 0]
7:4:110:isProcessAlive(1):8:[7, 0, 0, 4, 4, 0, 2, 2, 0, 0, 0, 0, 0, 0, 0, 0, 0, 0, 0, 0]
4:7:111:!(scala.actors.Channel@bde0,false):9:[7, 0, 0, 4, 6, 0, 2, 2, 0, 0, 0, 0, 0, 0, 0, 0, 0, 0, 0, 0]
7:6:113:InsertNewBackward(1,samira.procreg.Monitor@bde5):10:[7, 0, 0, 4, 6, 0, 2, 5, 0, 0, 0, 0, 0, 0, 0, 0, 0, 0, 0, 0]
6:7:114:!(scala.actors.Channel@bd42,true):11:[7, 0, 0, 4, 6, 0, 4, 5, 0, 0, 0, 0, 0, 0, 0, 0, 0, 0, 0, 0]
7:7:112:Down(1):12:[7, 0, 0, 4, 6, 0, 2, 4, 0, 0, 0, 0, 0, 0, 0, 0, 0, 0, 0, 0]
7:6:115:GetMatch(1):13:[7, 0, 0, 4, 6, 0, 4, 8, 0, 0, 0, 0, 0, 0, 0, 0, 0, 0, 0, 0]
6:7:116:!(scala.actors.Channel@bcc3,Some(samira.procreg.Monitor@bde5)):14:[7, 0, 0, 4, 6, 0, 6, 8, 0, 0, 0, 0, 0, 0, 0, 0, 0, 0, 0, 0]
7:6:117:DeleteEntry(1):15:[7, 0, 0, 4, 6, 0, 6, 10, 0, 0, 0, 0, 0, 0, 0, 0, 0, 0, 0, 0]
6:7:118:!(scala.actors.Channel@bd42,()):16:[7, 0, 0, 4, 6, 0, 8, 10, 0, 0, 0, 0, 0, 0, 0, 0, 0, 0, 0, 0]
0:2:105:Register(pName,1):17:[6, 0, 0, 0, 4, 0, 0, 0, 0, 0, 0, 0, 0, 0, 0, 0, 0, 0, 0, 0]
2:6:119:InsertNewForward(pName,1):18:[6, 0, 2, 0, 4, 0, 0, 0, 0, 0, 0, 0, 0, 0, 0, 0, 0, 0, 0, 0]
6:2:120:!(scala.actors.Channel@bc6a,true):19:[7, 0, 2, 4, 6, 0, 10, 10, 0, 0, 0, 0, 0, 0, 0, 0, 0, 0, 0, 0]
2:7:121:Reg(1):20:[7, 0, 4, 4, 6, 0, 10, 10, 0, 0, 0, 0, 0, 0, 0, 0, 0, 0, 0, 0]
7:4:122:isProcessAlive(1):21:[7, 0, 4, 4, 6, 0, 10, 13, 0, 0, 0, 0, 0, 0, 0, 0, 0, 0, 0, 0]
4:7:123:!(scala.actors.Channel@bcc3,false):22:[7, 0, 4, 4, 8, 0, 10, 13, 0, 0, 0, 0, 0, 0, 0, 0, 0, 0, 0, 0]
7:6:125:InsertNewBackward(1,samira.procreg.Monitor@bde5):23:[7, 0, 4, 4, 8, 0, 10, 16, 0, 0, 0, 0, 0, 0, 0, 0, 0, 0, 0, 0]
6:7:126:!(scala.actors.Channel@bde0,true):24:[7, 0, 4, 4, 8, 0, 12, 16, 0, 0, 0, 0, 0, 0, 0, 0, 0, 0, 0, 0]
7:7:124:Down(1):25:[7, 0, 4, 4, 8, 0, 10, 15, 0, 0, 0, 0, 0, 0, 0, 0, 0, 0, 0, 0]
7:6:127:GetMatch(1):26:[7, 0, 4, 4, 8, 0, 12, 19, 0, 0, 0, 0, 0, 0, 0, 0, 0, 0, 0, 0]
6:7:128:!(scala.actors.Channel@bd42,Some(samira.procreg.Monitor@bde5)):27:[7, 0, 4, 4, 8, 0, 14, 19, 0, 0, 0, 0, 0, 0, 0, 0, 0, 0, 0, 0]
7:6:129:DeleteEntry(1):28:[7, 0, 4, 4, 8, 0, 14, 21, 0, 0, 0, 0, 0, 0, 0, 0, 0, 0, 0, 0]
0:1:104:Register(pName,1):29:[5, 0, 0, 0, 4, 0, 0, 0, 0, 0, 0, 0, 0, 0, 0, 0, 0, 0, 0, 0]
6:7:130:!(scala.actors.Channel@bde0,()):43:[7, 0, 4, 4, 8, 0, 16, 21, 0, 0, 0, 0, 0, 0, 0, 0, 0, 0, 0, 0]
1:6:131:InsertNewForward(pName,1):44:[5, 2, 0, 0, 4, 0, 0, 0, 0, 0, 0, 0, 0, 0, 0, 0, 0, 0, 0, 0]
6:1:132:!(scala.actors.Channel@b35a,true):45:[7, 2, 4, 4, 8, 0, 18, 21, 0, 0, 0, 0, 0, 0, 0, 0, 0, 0, 0, 0]
1:7:133:Reg(1):46:[7, 4, 4, 4, 8, 0, 18, 21, 0, 0, 0, 0, 0, 0, 0, 0, 0, 0, 0, 0]
7:4:134:isProcessAlive(1):47:[7, 4, 4, 4, 8, 0, 18, 24, 0, 0, 0, 0, 0, 0, 0, 0, 0, 0, 0, 0]
4:7:135:!(scala.actors.Channel@bd42,false):48:[7, 4, 4, 4, 10, 0, 18, 24, 0, 0, 0, 0, 0, 0, 0, 0, 0, 0, 0, 0]
7:6:137:InsertNewBackward(1,samira.procreg.Monitor@bde5):49:[7, 4, 4, 4, 10, 0, 18, 27, 0, 0, 0, 0, 0, 0, 0, 0, 0, 0, 0, 0]
6:7:138:!(scala.actors.Channel@bde0,true):50:[7, 4, 4, 4, 10, 0, 20, 27, 0, 0, 0, 0, 0, 0, 0, 0, 0, 0, 0, 0]
7:7:136:Down(1):51:[7, 4, 4, 4, 10, 0, 18, 26, 0, 0, 0, 0, 0, 0, 0, 0, 0, 0, 0, 0]
7:6:139:GetMatch(1):52:[7, 4, 4, 4, 10, 0, 20, 30, 0, 0, 0, 0, 0, 0, 0, 0, 0, 0, 0, 0]
6:7:140:!(scala.actors.Channel@bcc3,Some(samira.procreg.Monitor@bde5)):53:[7, 4, 4, 4, 10, 0, 22, 30, 0, 0, 0, 0, 0, 0, 0, 0, 0, 0, 0, 0]
7:6:141:DeleteEntry(1):54:[7, 4, 4, 4, 10, 0, 22, 32, 0, 0, 0, 0, 0, 0, 0, 0, 0, 0, 0, 0]
6:7:142:!(scala.actors.Channel@bde0,()):55:[7, 4, 4, 4, 10, 0, 24, 32, 0, 0, 0, 0, 0, 0, 0, 0, 0, 0, 0, 0]
##BUG:NO_BUG:3:4sec:43
0:4:100:spawn(pName):0:[1, 0, 0, 0, 0, 0, 0, 0, 0, 0, 0, 0, 0, 0, 0, 0, 0, 0, 0, 0]
4:0:101:!(scala.actors.Channel@ba76,1):1:[1, 0, 0, 0, 2, 0, 0, 0, 0, 0, 0, 0, 0, 0, 0, 0, 0, 0, 0, 0]
0:4:102:kill(1):2:[3, 0, 0, 0, 2, 0, 0, 0, 0, 0, 0, 0, 0, 0, 0, 0, 0, 0, 0, 0]
4:0:103:!(scala.actors.Channel@bfde,()):3:[3, 0, 0, 0, 4, 0, 0, 0, 0, 0, 0, 0, 0, 0, 0, 0, 0, 0, 0, 0]
0:3:106:Register(pName,1):4:[7, 0, 0, 0, 4, 0, 0, 0, 0, 0, 0, 0, 0, 0, 0, 0, 0, 0, 0, 0]
3:6:107:InsertNewForward(pName,1):5:[7, 0, 0, 2, 4, 0, 0, 0, 0, 0, 0, 0, 0, 0, 0, 0, 0, 0, 0, 0]
6:3:108:!(scala.actors.Channel@bf2a,true):6:[7, 0, 0, 2, 4, 0, 2, 0, 0, 0, 0, 0, 0, 0, 0, 0, 0, 0, 0, 0]
3:7:109:Reg(1):7:[7, 0, 0, 4, 4, 0, 2, 0, 0, 0, 0, 0, 0, 0, 0, 0, 0, 0, 0, 0]
7:4:110:isProcessAlive(1):8:[7, 0, 0, 4, 4, 0, 2, 2, 0, 0, 0, 0, 0, 0, 0, 0, 0, 0, 0, 0]
4:7:111:!(scala.actors.Channel@bde0,false):9:[7, 0, 0, 4, 6, 0, 2, 2, 0, 0, 0, 0, 0, 0, 0, 0, 0, 0, 0, 0]
7:6:113:InsertNewBackward(1,samira.procreg.Monitor@bde5):10:[7, 0, 0, 4, 6, 0, 2, 5, 0, 0, 0, 0, 0, 0, 0, 0, 0, 0, 0, 0]
6:7:114:!(scala.actors.Channel@bd42,true):11:[7, 0, 0, 4, 6, 0, 4, 5, 0, 0, 0, 0, 0, 0, 0, 0, 0, 0, 0, 0]
7:7:112:Down(1):12:[7, 0, 0, 4, 6, 0, 2, 4, 0, 0, 0, 0, 0, 0, 0, 0, 0, 0, 0, 0]
7:6:115:GetMatch(1):13:[7, 0, 0, 4, 6, 0, 4, 8, 0, 0, 0, 0, 0, 0, 0, 0, 0, 0, 0, 0]
6:7:116:!(scala.actors.Channel@bcc3,Some(samira.procreg.Monitor@bde5)):14:[7, 0, 0, 4, 6, 0, 6, 8, 0, 0, 0, 0, 0, 0, 0, 0, 0, 0, 0, 0]
7:6:117:DeleteEntry(1):15:[7, 0, 0, 4, 6, 0, 6, 10, 0, 0, 0, 0, 0, 0, 0, 0, 0, 0, 0, 0]
6:7:118:!(scala.actors.Channel@bd42,()):16:[7, 0, 0, 4, 6, 0, 8, 10, 0, 0, 0, 0, 0, 0, 0, 0, 0, 0, 0, 0]
0:2:105:Register(pName,1):17:[6, 0, 0, 0, 4, 0, 0, 0, 0, 0, 0, 0, 0, 0, 0, 0, 0, 0, 0, 0]
2:6:119:InsertNewForward(pName,1):18:[6, 0, 2, 0, 4, 0, 0, 0, 0, 0, 0, 0, 0, 0, 0, 0, 0, 0, 0, 0]
6:2:120:!(scala.actors.Channel@bc6a,true):19:[7, 0, 2, 4, 6, 0, 10, 10, 0, 0, 0, 0, 0, 0, 0, 0, 0, 0, 0, 0]
2:7:121:Reg(1):20:[7, 0, 4, 4, 6, 0, 10, 10, 0, 0, 0, 0, 0, 0, 0, 0, 0, 0, 0, 0]
7:4:122:isProcessAlive(1):21:[7, 0, 4, 4, 6, 0, 10, 13, 0, 0, 0, 0, 0, 0, 0, 0, 0, 0, 0, 0]
4:7:123:!(scala.actors.Channel@bcc3,false):22:[7, 0, 4, 4, 8, 0, 10, 13, 0, 0, 0, 0, 0, 0, 0, 0, 0, 0, 0, 0]
7:6:125:InsertNewBackward(1,samira.procreg.Monitor@bde5):23:[7, 0, 4, 4, 8, 0, 10, 16, 0, 0, 0, 0, 0, 0, 0, 0, 0, 0, 0, 0]
6:7:126:!(scala.actors.Channel@bde0,true):24:[7, 0, 4, 4, 8, 0, 12, 16, 0, 0, 0, 0, 0, 0, 0, 0, 0, 0, 0, 0]
7:7:124:Down(1):25:[7, 0, 4, 4, 8, 0, 10, 15, 0, 0, 0, 0, 0, 0, 0, 0, 0, 0, 0, 0]
7:6:127:GetMatch(1):26:[7, 0, 4, 4, 8, 0, 12, 19, 0, 0, 0, 0, 0, 0, 0, 0, 0, 0, 0, 0]
6:7:128:!(scala.actors.Channel@bd42,Some(samira.procreg.Monitor@bde5)):27:[7, 0, 4, 4, 8, 0, 14, 19, 0, 0, 0, 0, 0, 0, 0, 0, 0, 0, 0, 0]
0:1:104:Register(pName,1):28:[5, 0, 0, 0, 4, 0, 0, 0, 0, 0, 0, 0, 0, 0, 0, 0, 0, 0, 0, 0]
7:6:129:DeleteEntry(1):56:[7, 0, 4, 4, 8, 0, 14, 21, 0, 0, 0, 0, 0, 0, 0, 0, 0, 0, 0, 0]
6:7:131:!(scala.actors.Channel@bde0,()):57:[7, 0, 4, 4, 8, 0, 16, 21, 0, 0, 0, 0, 0, 0, 0, 0, 0, 0, 0, 0]
1:6:130:InsertNewForward(pName,1):58:[5, 2, 0, 0, 4, 0, 0, 0, 0, 0, 0, 0, 0, 0, 0, 0, 0, 0, 0, 0]
6:1:132:!(scala.actors.Channel@b35a,true):59:[7, 2, 4, 4, 8, 0, 18, 21, 0, 0, 0, 0, 0, 0, 0, 0, 0, 0, 0, 0]
1:7:133:Reg(1):60:[7, 4, 4, 4, 8, 0, 18, 21, 0, 0, 0, 0, 0, 0, 0, 0, 0, 0, 0, 0]
7:4:134:isProcessAlive(1):61:[7, 4, 4, 4, 8, 0, 18, 24, 0, 0, 0, 0, 0, 0, 0, 0, 0, 0, 0, 0]
4:7:135:!(scala.actors.Channel@bd42,false):62:[7, 4, 4, 4, 10, 0, 18, 24, 0, 0, 0, 0, 0, 0, 0, 0, 0, 0, 0, 0]
7:6:137:InsertNewBackward(1,samira.procreg.Monitor@bde5):63:[7, 4, 4, 4, 10, 0, 18, 27, 0, 0, 0, 0, 0, 0, 0, 0, 0, 0, 0, 0]
6:7:138:!(scala.actors.Channel@bde0,true):64:[7, 4, 4, 4, 10, 0, 20, 27, 0, 0, 0, 0, 0, 0, 0, 0, 0, 0, 0, 0]
7:7:136:Down(1):65:[7, 4, 4, 4, 10, 0, 18, 26, 0, 0, 0, 0, 0, 0, 0, 0, 0, 0, 0, 0]
7:6:139:GetMatch(1):66:[7, 4, 4, 4, 10, 0, 20, 30, 0, 0, 0, 0, 0, 0, 0, 0, 0, 0, 0, 0]
6:7:140:!(scala.actors.Channel@bcc3,Some(samira.procreg.Monitor@bde5)):67:[7, 4, 4, 4, 10, 0, 22, 30, 0, 0, 0, 0, 0, 0, 0, 0, 0, 0, 0, 0]
7:6:141:DeleteEntry(1):68:[7, 4, 4, 4, 10, 0, 22, 32, 0, 0, 0, 0, 0, 0, 0, 0, 0, 0, 0, 0]
6:7:142:!(scala.actors.Channel@bde0,()):69:[7, 4, 4, 4, 10, 0, 24, 32, 0, 0, 0, 0, 0, 0, 0, 0, 0, 0, 0, 0]
##BUG:NO_BUG:4:5sec:59
0:4:100:spawn(pName):0:[1, 0, 0, 0, 0, 0, 0, 0, 0, 0, 0, 0, 0, 0, 0, 0, 0, 0, 0, 0]
4:0:101:!(scala.actors.Channel@ba76,1):1:[1, 0, 0, 0, 2, 0, 0, 0, 0, 0, 0, 0, 0, 0, 0, 0, 0, 0, 0, 0]
0:4:102:kill(1):2:[3, 0, 0, 0, 2, 0, 0, 0, 0, 0, 0, 0, 0, 0, 0, 0, 0, 0, 0, 0]
4:0:103:!(scala.actors.Channel@bfde,()):3:[3, 0, 0, 0, 4, 0, 0, 0, 0, 0, 0, 0, 0, 0, 0, 0, 0, 0, 0, 0]
0:3:106:Register(pName,1):4:[7, 0, 0, 0, 4, 0, 0, 0, 0, 0, 0, 0, 0, 0, 0, 0, 0, 0, 0, 0]
3:6:107:InsertNewForward(pName,1):5:[7, 0, 0, 2, 4, 0, 0, 0, 0, 0, 0, 0, 0, 0, 0, 0, 0, 0, 0, 0]
6:3:108:!(scala.actors.Channel@bf2a,true):6:[7, 0, 0, 2, 4, 0, 2, 0, 0, 0, 0, 0, 0, 0, 0, 0, 0, 0, 0, 0]
3:7:109:Reg(1):7:[7, 0, 0, 4, 4, 0, 2, 0, 0, 0, 0, 0, 0, 0, 0, 0, 0, 0, 0, 0]
7:4:110:isProcessAlive(1):8:[7, 0, 0, 4, 4, 0, 2, 2, 0, 0, 0, 0, 0, 0, 0, 0, 0, 0, 0, 0]
4:7:111:!(scala.actors.Channel@bde0,false):9:[7, 0, 0, 4, 6, 0, 2, 2, 0, 0, 0, 0, 0, 0, 0, 0, 0, 0, 0, 0]
7:6:113:InsertNewBackward(1,samira.procreg.Monitor@bde5):10:[7, 0, 0, 4, 6, 0, 2, 5, 0, 0, 0, 0, 0, 0, 0, 0, 0, 0, 0, 0]
6:7:114:!(scala.actors.Channel@bd42,true):11:[7, 0, 0, 4, 6, 0, 4, 5, 0, 0, 0, 0, 0, 0, 0, 0, 0, 0, 0, 0]
7:7:112:Down(1):12:[7, 0, 0, 4, 6, 0, 2, 4, 0, 0, 0, 0, 0, 0, 0, 0, 0, 0, 0, 0]
7:6:115:GetMatch(1):13:[7, 0, 0, 4, 6, 0, 4, 8, 0, 0, 0, 0, 0, 0, 0, 0, 0, 0, 0, 0]
6:7:116:!(scala.actors.Channel@bcc3,Some(samira.procreg.Monitor@bde5)):14:[7, 0, 0, 4, 6, 0, 6, 8, 0, 0, 0, 0, 0, 0, 0, 0, 0, 0, 0, 0]
7:6:117:DeleteEntry(1):15:[7, 0, 0, 4, 6, 0, 6, 10, 0, 0, 0, 0, 0, 0, 0, 0, 0, 0, 0, 0]
6:7:118:!(scala.actors.Channel@bd42,()):16:[7, 0, 0, 4, 6, 0, 8, 10, 0, 0, 0, 0, 0, 0, 0, 0, 0, 0, 0, 0]
0:2:105:Register(pName,1):17:[6, 0, 0, 0, 4, 0, 0, 0, 0, 0, 0, 0, 0, 0, 0, 0, 0, 0, 0, 0]
2:6:119:InsertNewForward(pName,1):18:[6, 0, 2, 0, 4, 0, 0, 0, 0, 0, 0, 0, 0, 0, 0, 0, 0, 0, 0, 0]
6:2:120:!(scala.actors.Channel@bc6a,true):19:[7, 0, 2, 4, 6, 0, 10, 10, 0, 0, 0, 0, 0, 0, 0, 0, 0, 0, 0, 0]
2:7:121:Reg(1):20:[7, 0, 4, 4, 6, 0, 10, 10, 0, 0, 0, 0, 0, 0, 0, 0, 0, 0, 0, 0]
7:4:122:isProcessAlive(1):21:[7, 0, 4, 4, 6, 0, 10, 13, 0, 0, 0, 0, 0, 0, 0, 0, 0, 0, 0, 0]
4:7:123:!(scala.actors.Channel@bcc3,false):22:[7, 0, 4, 4, 8, 0, 10, 13, 0, 0, 0, 0, 0, 0, 0, 0, 0, 0, 0, 0]
7:6:125:InsertNewBackward(1,samira.procreg.Monitor@bde5):23:[7, 0, 4, 4, 8, 0, 10, 16, 0, 0, 0, 0, 0, 0, 0, 0, 0, 0, 0, 0]
6:7:126:!(scala.actors.Channel@bde0,true):24:[7, 0, 4, 4, 8, 0, 12, 16, 0, 0, 0, 0, 0, 0, 0, 0, 0, 0, 0, 0]
7:7:124:Down(1):25:[7, 0, 4, 4, 8, 0, 10, 15, 0, 0, 0, 0, 0, 0, 0, 0, 0, 0, 0, 0]
0:1:104:Register(pName,1):26:[5, 0, 0, 0, 4, 0, 0, 0, 0, 0, 0, 0, 0, 0, 0, 0, 0, 0, 0, 0]
7:6:127:GetMatch(1):70:[7, 0, 4, 4, 8, 0, 12, 19, 0, 0, 0, 0, 0, 0, 0, 0, 0, 0, 0, 0]
6:7:129:!(scala.actors.Channel@bd42,Some(samira.procreg.Monitor@bde5)):71:[7, 0, 4, 4, 8, 0, 14, 19, 0, 0, 0, 0, 0, 0, 0, 0, 0, 0, 0, 0]
1:6:128:InsertNewForward(pName,1):72:[5, 2, 0, 0, 4, 0, 0, 0, 0, 0, 0, 0, 0, 0, 0, 0, 0, 0, 0, 0]
7:6:130:DeleteEntry(1):73:[7, 0, 4, 4, 8, 0, 14, 21, 0, 0, 0, 0, 0, 0, 0, 0, 0, 0, 0, 0]
6:7:132:!(scala.actors.Channel@bde0,()):74:[7, 2, 4, 4, 8, 0, 18, 21, 0, 0, 0, 0, 0, 0, 0, 0, 0, 0, 0, 0]
6:1:131:!(scala.actors.Channel@b35a,false):75:[7, 2, 4, 4, 8, 0, 16, 19, 0, 0, 0, 0, 0, 0, 0, 0, 0, 0, 0, 0]
1:7:133:Where(pName):76:[7, 4, 4, 4, 8, 0, 16, 19, 0, 0, 0, 0, 0, 0, 0, 0, 0, 0, 0, 0]
7:6:134:Lookup(pName):77:[7, 4, 4, 4, 8, 0, 18, 24, 0, 0, 0, 0, 0, 0, 0, 0, 0, 0, 0, 0]
6:7:135:!(scala.actors.Channel@bd42,-1):78:[7, 4, 4, 4, 8, 0, 20, 24, 0, 0, 0, 0, 0, 0, 0, 0, 0, 0, 0, 0]
7:4:136:isProcessAlive(-1):79:[7, 4, 4, 4, 8, 0, 20, 26, 0, 0, 0, 0, 0, 0, 0, 0, 0, 0, 0, 0]
4:7:137:!(scala.actors.Channel@bde0,false):80:[7, 4, 4, 4, 10, 0, 20, 26, 0, 0, 0, 0, 0, 0, 0, 0, 0, 0, 0, 0]
7:1:138:!(scala.actors.Channel@8034,-1):81:[7, 4, 4, 4, 10, 0, 20, 28, 0, 0, 0, 0, 0, 0, 0, 0, 0, 0, 0, 0]
1:7:139:Audit(pName):82:[7, 6, 4, 4, 10, 0, 20, 28, 0, 0, 0, 0, 0, 0, 0, 0, 0, 0, 0, 0]
7:6:140:Lookup(pName):83:[7, 6, 4, 4, 10, 0, 20, 30, 0, 0, 0, 0, 0, 0, 0, 0, 0, 0, 0, 0]
6:7:141:!(scala.actors.Channel@bcc3,-1):84:[7, 6, 4, 4, 10, 0, 22, 30, 0, 0, 0, 0, 0, 0, 0, 0, 0, 0, 0, 0]
7:4:142:isProcessAlive(-1):85:[7, 6, 4, 4, 10, 0, 22, 32, 0, 0, 0, 0, 0, 0, 0, 0, 0, 0, 0, 0]
4:7:143:!(scala.actors.Channel@bd42,false):86:[7, 6, 4, 4, 12, 0, 22, 32, 0, 0, 0, 0, 0, 0, 0, 0, 0, 0, 0, 0]
7:6:144:DeleteEntry(-1):87:[7, 6, 4, 4, 12, 0, 22, 34, 0, 0, 0, 0, 0, 0, 0, 0, 0, 0, 0, 0]
6:7:145:!(scala.actors.Channel@bde0,()):88:[7, 6, 4, 4, 12, 0, 24, 34, 0, 0, 0, 0, 0, 0, 0, 0, 0, 0, 0, 0]
7:1:146:!(scala.actors.Channel@b35a,()):89:[7, 6, 4, 4, 12, 0, 24, 36, 0, 0, 0, 0, 0, 0, 0, 0, 0, 0, 0, 0]
1:6:147:InsertNewForward(pName,1):90:[7, 8, 4, 4, 12, 0, 24, 36, 0, 0, 0, 0, 0, 0, 0, 0, 0, 0, 0, 0]
6:1:148:!(scala.actors.Channel@8034,true):91:[7, 8, 4, 4, 12, 0, 26, 36, 0, 0, 0, 0, 0, 0, 0, 0, 0, 0, 0, 0]
1:7:149:Reg(1):92:[7, 10, 4, 4, 12, 0, 26, 36, 0, 0, 0, 0, 0, 0, 0, 0, 0, 0, 0, 0]
7:4:150:isProcessAlive(1):93:[7, 10, 4, 4, 12, 0, 26, 38, 0, 0, 0, 0, 0, 0, 0, 0, 0, 0, 0, 0]
4:7:151:!(scala.actors.Channel@bcc3,false):94:[7, 10, 4, 4, 14, 0, 26, 38, 0, 0, 0, 0, 0, 0, 0, 0, 0, 0, 0, 0]
7:6:153:InsertNewBackward(1,samira.procreg.Monitor@bde5):95:[7, 10, 4, 4, 14, 0, 26, 41, 0, 0, 0, 0, 0, 0, 0, 0, 0, 0, 0, 0]
6:7:154:!(scala.actors.Channel@bde0,true):96:[7, 10, 4, 4, 14, 0, 28, 41, 0, 0, 0, 0, 0, 0, 0, 0, 0, 0, 0, 0]
7:7:152:Down(1):97:[7, 10, 4, 4, 14, 0, 26, 40, 0, 0, 0, 0, 0, 0, 0, 0, 0, 0, 0, 0]
7:6:155:GetMatch(1):98:[7, 10, 4, 4, 14, 0, 28, 44, 0, 0, 0, 0, 0, 0, 0, 0, 0, 0, 0, 0]
6:7:156:!(scala.actors.Channel@bd42,Some(samira.procreg.Monitor@bde5)):99:[7, 10, 4, 4, 14, 0, 30, 44, 0, 0, 0, 0, 0, 0, 0, 0, 0, 0, 0, 0]
7:6:157:DeleteEntry(1):100:[7, 10, 4, 4, 14, 0, 30, 46, 0, 0, 0, 0, 0, 0, 0, 0, 0, 0, 0, 0]
6:7:158:!(scala.actors.Channel@bde0,()):101:[7, 10, 4, 4, 14, 0, 32, 46, 0, 0, 0, 0, 0, 0, 0, 0, 0, 0, 0, 0]
##BUG:NO_BUG:5:6sec:59
0:4:100:spawn(pName):0:[1, 0, 0, 0, 0, 0, 0, 0, 0, 0, 0, 0, 0, 0, 0, 0, 0, 0, 0, 0]
4:0:101:!(scala.actors.Channel@ba76,1):1:[1, 0, 0, 0, 2, 0, 0, 0, 0, 0, 0, 0, 0, 0, 0, 0, 0, 0, 0, 0]
0:4:102:kill(1):2:[3, 0, 0, 0, 2, 0, 0, 0, 0, 0, 0, 0, 0, 0, 0, 0, 0, 0, 0, 0]
4:0:103:!(scala.actors.Channel@bfde,()):3:[3, 0, 0, 0, 4, 0, 0, 0, 0, 0, 0, 0, 0, 0, 0, 0, 0, 0, 0, 0]
0:3:106:Register(pName,1):4:[7, 0, 0, 0, 4, 0, 0, 0, 0, 0, 0, 0, 0, 0, 0, 0, 0, 0, 0, 0]
3:6:107:InsertNewForward(pName,1):5:[7, 0, 0, 2, 4, 0, 0, 0, 0, 0, 0, 0, 0, 0, 0, 0, 0, 0, 0, 0]
6:3:108:!(scala.actors.Channel@bf2a,true):6:[7, 0, 0, 2, 4, 0, 2, 0, 0, 0, 0, 0, 0, 0, 0, 0, 0, 0, 0, 0]
3:7:109:Reg(1):7:[7, 0, 0, 4, 4, 0, 2, 0, 0, 0, 0, 0, 0, 0, 0, 0, 0, 0, 0, 0]
7:4:110:isProcessAlive(1):8:[7, 0, 0, 4, 4, 0, 2, 2, 0, 0, 0, 0, 0, 0, 0, 0, 0, 0, 0, 0]
4:7:111:!(scala.actors.Channel@bde0,false):9:[7, 0, 0, 4, 6, 0, 2, 2, 0, 0, 0, 0, 0, 0, 0, 0, 0, 0, 0, 0]
7:6:113:InsertNewBackward(1,samira.procreg.Monitor@bde5):10:[7, 0, 0, 4, 6, 0, 2, 5, 0, 0, 0, 0, 0, 0, 0, 0, 0, 0, 0, 0]
6:7:114:!(scala.actors.Channel@bd42,true):11:[7, 0, 0, 4, 6, 0, 4, 5, 0, 0, 0, 0, 0, 0, 0, 0, 0, 0, 0, 0]
7:7:112:Down(1):12:[7, 0, 0, 4, 6, 0, 2, 4, 0, 0, 0, 0, 0, 0, 0, 0, 0, 0, 0, 0]
7:6:115:GetMatch(1):13:[7, 0, 0, 4, 6, 0, 4, 8, 0, 0, 0, 0, 0, 0, 0, 0, 0, 0, 0, 0]
6:7:116:!(scala.actors.Channel@bcc3,Some(samira.procreg.Monitor@bde5)):14:[7, 0, 0, 4, 6, 0, 6, 8, 0, 0, 0, 0, 0, 0, 0, 0, 0, 0, 0, 0]
7:6:117:DeleteEntry(1):15:[7, 0, 0, 4, 6, 0, 6, 10, 0, 0, 0, 0, 0, 0, 0, 0, 0, 0, 0, 0]
6:7:118:!(scala.actors.Channel@bd42,()):16:[7, 0, 0, 4, 6, 0, 8, 10, 0, 0, 0, 0, 0, 0, 0, 0, 0, 0, 0, 0]
0:2:105:Register(pName,1):17:[6, 0, 0, 0, 4, 0, 0, 0, 0, 0, 0, 0, 0, 0, 0, 0, 0, 0, 0, 0]
2:6:119:InsertNewForward(pName,1):18:[6, 0, 2, 0, 4, 0, 0, 0, 0, 0, 0, 0, 0, 0, 0, 0, 0, 0, 0, 0]
6:2:120:!(scala.actors.Channel@bc6a,true):19:[7, 0, 2, 4, 6, 0, 10, 10, 0, 0, 0, 0, 0, 0, 0, 0, 0, 0, 0, 0]
2:7:121:Reg(1):20:[7, 0, 4, 4, 6, 0, 10, 10, 0, 0, 0, 0, 0, 0, 0, 0, 0, 0, 0, 0]
7:4:122:isProcessAlive(1):21:[7, 0, 4, 4, 6, 0, 10, 13, 0, 0, 0, 0, 0, 0, 0, 0, 0, 0, 0, 0]
4:7:123:!(scala.actors.Channel@bcc3,false):22:[7, 0, 4, 4, 8, 0, 10, 13, 0, 0, 0, 0, 0, 0, 0, 0, 0, 0, 0, 0]
0:1:104:Register(pName,1):23:[5, 0, 0, 0, 4, 0, 0, 0, 0, 0, 0, 0, 0, 0, 0, 0, 0, 0, 0, 0]
7:6:125:InsertNewBackward(1,samira.procreg.Monitor@bde5):102:[7, 0, 4, 4, 8, 0, 10, 16, 0, 0, 0, 0, 0, 0, 0, 0, 0, 0, 0, 0]
6:7:127:!(scala.actors.Channel@bde0,true):103:[7, 0, 4, 4, 8, 0, 12, 16, 0, 0, 0, 0, 0, 0, 0, 0, 0, 0, 0, 0]
7:7:124:Down(1):104:[7, 0, 4, 4, 8, 0, 10, 15, 0, 0, 0, 0, 0, 0, 0, 0, 0, 0, 0, 0]
1:6:126:InsertNewForward(pName,1):105:[5, 2, 0, 0, 4, 0, 0, 0, 0, 0, 0, 0, 0, 0, 0, 0, 0, 0, 0, 0]
7:6:128:GetMatch(1):106:[7, 0, 4, 4, 8, 0, 12, 19, 0, 0, 0, 0, 0, 0, 0, 0, 0, 0, 0, 0]
6:7:130:!(scala.actors.Channel@bd42,Some(samira.procreg.Monitor@bde5)):107:[7, 2, 4, 4, 8, 0, 16, 19, 0, 0, 0, 0, 0, 0, 0, 0, 0, 0, 0, 0]
7:6:131:DeleteEntry(1):108:[7, 2, 4, 4, 8, 0, 16, 21, 0, 0, 0, 0, 0, 0, 0, 0, 0, 0, 0, 0]
6:7:132:!(scala.actors.Channel@bde0,()):109:[7, 2, 4, 4, 8, 0, 18, 21, 0, 0, 0, 0, 0, 0, 0, 0, 0, 0, 0, 0]
6:1:129:!(scala.actors.Channel@b35a,false):110:[7, 2, 4, 4, 8, 0, 14, 16, 0, 0, 0, 0, 0, 0, 0, 0, 0, 0, 0, 0]
1:7:133:Where(pName):111:[7, 4, 4, 4, 8, 0, 14, 16, 0, 0, 0, 0, 0, 0, 0, 0, 0, 0, 0, 0]
7:6:134:Lookup(pName):112:[7, 4, 4, 4, 8, 0, 18, 24, 0, 0, 0, 0, 0, 0, 0, 0, 0, 0, 0, 0]
6:7:135:!(scala.actors.Channel@bd42,-1):113:[7, 4, 4, 4, 8, 0, 20, 24, 0, 0, 0, 0, 0, 0, 0, 0, 0, 0, 0, 0]
7:4:136:isProcessAlive(-1):114:[7, 4, 4, 4, 8, 0, 20, 26, 0, 0, 0, 0, 0, 0, 0, 0, 0, 0, 0, 0]
4:7:137:!(scala.actors.Channel@bde0,false):115:[7, 4, 4, 4, 10, 0, 20, 26, 0, 0, 0, 0, 0, 0, 0, 0, 0, 0, 0, 0]
7:1:138:!(scala.actors.Channel@8034,-1):116:[7, 4, 4, 4, 10, 0, 20, 28, 0, 0, 0, 0, 0, 0, 0, 0, 0, 0, 0, 0]
1:7:139:Audit(pName):117:[7, 6, 4, 4, 10, 0, 20, 28, 0, 0, 0, 0, 0, 0, 0, 0, 0, 0, 0, 0]
7:6:140:Lookup(pName):118:[7, 6, 4, 4, 10, 0, 20, 30, 0, 0, 0, 0, 0, 0, 0, 0, 0, 0, 0, 0]
6:7:141:!(scala.actors.Channel@bcc3,-1):119:[7, 6, 4, 4, 10, 0, 22, 30, 0, 0, 0, 0, 0, 0, 0, 0, 0, 0, 0, 0]
7:4:142:isProcessAlive(-1):120:[7, 6, 4, 4, 10, 0, 22, 32, 0, 0, 0, 0, 0, 0, 0, 0, 0, 0, 0, 0]
4:7:143:!(scala.actors.Channel@bd42,false):121:[7, 6, 4, 4, 12, 0, 22, 32, 0, 0, 0, 0, 0, 0, 0, 0, 0, 0, 0, 0]
7:6:144:DeleteEntry(-1):122:[7, 6, 4, 4, 12, 0, 22, 34, 0, 0, 0, 0, 0, 0, 0, 0, 0, 0, 0, 0]
6:7:145:!(scala.actors.Channel@bde0,()):123:[7, 6, 4, 4, 12, 0, 24, 34, 0, 0, 0, 0, 0, 0, 0, 0, 0, 0, 0, 0]
7:1:146:!(scala.actors.Channel@b35a,()):124:[7, 6, 4, 4, 12, 0, 24, 36, 0, 0, 0, 0, 0, 0, 0, 0, 0, 0, 0, 0]
1:6:147:InsertNewForward(pName,1):125:[7, 8, 4, 4, 12, 0, 24, 36, 0, 0, 0, 0, 0, 0, 0, 0, 0, 0, 0, 0]
6:1:148:!(scala.actors.Channel@8034,true):126:[7, 8, 4, 4, 12, 0, 26, 36, 0, 0, 0, 0, 0, 0, 0, 0, 0, 0, 0, 0]
1:7:149:Reg(1):127:[7, 10, 4, 4, 12, 0, 26, 36, 0, 0, 0, 0, 0, 0, 0, 0, 0, 0, 0, 0]
7:4:150:isProcessAlive(1):128:[7, 10, 4, 4, 12, 0, 26, 38, 0, 0, 0, 0, 0, 0, 0, 0, 0, 0, 0, 0]
4:7:151:!(scala.actors.Channel@bcc3,false):129:[7, 10, 4, 4, 14, 0, 26, 38, 0, 0, 0, 0, 0, 0, 0, 0, 0, 0, 0, 0]
7:6:153:InsertNewBackward(1,samira.procreg.Monitor@bde5):130:[7, 10, 4, 4, 14, 0, 26, 41, 0, 0, 0, 0, 0, 0, 0, 0, 0, 0, 0, 0]
6:7:154:!(scala.actors.Channel@bde0,true):131:[7, 10, 4, 4, 14, 0, 28, 41, 0, 0, 0, 0, 0, 0, 0, 0, 0, 0, 0, 0]
7:7:152:Down(1):132:[7, 10, 4, 4, 14, 0, 26, 40, 0, 0, 0, 0, 0, 0, 0, 0, 0, 0, 0, 0]
7:6:155:GetMatch(1):133:[7, 10, 4, 4, 14, 0, 28, 44, 0, 0, 0, 0, 0, 0, 0, 0, 0, 0, 0, 0]
6:7:156:!(scala.actors.Channel@bd42,Some(samira.procreg.Monitor@bde5)):134:[7, 10, 4, 4, 14, 0, 30, 44, 0, 0, 0, 0, 0, 0, 0, 0, 0, 0, 0, 0]
7:6:157:DeleteEntry(1):135:[7, 10, 4, 4, 14, 0, 30, 46, 0, 0, 0, 0, 0, 0, 0, 0, 0, 0, 0, 0]
6:7:158:!(scala.actors.Channel@bde0,()):136:[7, 10, 4, 4, 14, 0, 32, 46, 0, 0, 0, 0, 0, 0, 0, 0, 0, 0, 0, 0]
##BUG:NO_BUG:6:7sec:59
0:4:100:spawn(pName):0:[1, 0, 0, 0, 0, 0, 0, 0, 0, 0, 0, 0, 0, 0, 0, 0, 0, 0, 0, 0]
4:0:101:!(scala.actors.Channel@ba76,1):1:[1, 0, 0, 0, 2, 0, 0, 0, 0, 0, 0, 0, 0, 0, 0, 0, 0, 0, 0, 0]
0:4:102:kill(1):2:[3, 0, 0, 0, 2, 0, 0, 0, 0, 0, 0, 0, 0, 0, 0, 0, 0, 0, 0, 0]
4:0:103:!(scala.actors.Channel@bfde,()):3:[3, 0, 0, 0, 4, 0, 0, 0, 0, 0, 0, 0, 0, 0, 0, 0, 0, 0, 0, 0]
0:3:106:Register(pName,1):4:[7, 0, 0, 0, 4, 0, 0, 0, 0, 0, 0, 0, 0, 0, 0, 0, 0, 0, 0, 0]
3:6:107:InsertNewForward(pName,1):5:[7, 0, 0, 2, 4, 0, 0, 0, 0, 0, 0, 0, 0, 0, 0, 0, 0, 0, 0, 0]
6:3:108:!(scala.actors.Channel@bf2a,true):6:[7, 0, 0, 2, 4, 0, 2, 0, 0, 0, 0, 0, 0, 0, 0, 0, 0, 0, 0, 0]
3:7:109:Reg(1):7:[7, 0, 0, 4, 4, 0, 2, 0, 0, 0, 0, 0, 0, 0, 0, 0, 0, 0, 0, 0]
7:4:110:isProcessAlive(1):8:[7, 0, 0, 4, 4, 0, 2, 2, 0, 0, 0, 0, 0, 0, 0, 0, 0, 0, 0, 0]
4:7:111:!(scala.actors.Channel@bde0,false):9:[7, 0, 0, 4, 6, 0, 2, 2, 0, 0, 0, 0, 0, 0, 0, 0, 0, 0, 0, 0]
7:6:113:InsertNewBackward(1,samira.procreg.Monitor@bde5):10:[7, 0, 0, 4, 6, 0, 2, 5, 0, 0, 0, 0, 0, 0, 0, 0, 0, 0, 0, 0]
6:7:114:!(scala.actors.Channel@bd42,true):11:[7, 0, 0, 4, 6, 0, 4, 5, 0, 0, 0, 0, 0, 0, 0, 0, 0, 0, 0, 0]
7:7:112:Down(1):12:[7, 0, 0, 4, 6, 0, 2, 4, 0, 0, 0, 0, 0, 0, 0, 0, 0, 0, 0, 0]
7:6:115:GetMatch(1):13:[7, 0, 0, 4, 6, 0, 4, 8, 0, 0, 0, 0, 0, 0, 0, 0, 0, 0, 0, 0]
6:7:116:!(scala.actors.Channel@bcc3,Some(samira.procreg.Monitor@bde5)):14:[7, 0, 0, 4, 6, 0, 6, 8, 0, 0, 0, 0, 0, 0, 0, 0, 0, 0, 0, 0]
7:6:117:DeleteEntry(1):15:[7, 0, 0, 4, 6, 0, 6, 10, 0, 0, 0, 0, 0, 0, 0, 0, 0, 0, 0, 0]
6:7:118:!(scala.actors.Channel@bd42,()):16:[7, 0, 0, 4, 6, 0, 8, 10, 0, 0, 0, 0, 0, 0, 0, 0, 0, 0, 0, 0]
0:2:105:Register(pName,1):17:[6, 0, 0, 0, 4, 0, 0, 0, 0, 0, 0, 0, 0, 0, 0, 0, 0, 0, 0, 0]
0:1:104:Register(pName,1):18:[5, 0, 0, 0, 4, 0, 0, 0, 0, 0, 0, 0, 0, 0, 0, 0, 0, 0, 0, 0]
2:6:119:InsertNewForward(pName,1):137:[6, 0, 2, 0, 4, 0, 0, 0, 0, 0, 0, 0, 0, 0, 0, 0, 0, 0, 0, 0]
1:6:120:InsertNewForward(pName,1):138:[5, 2, 0, 0, 4, 0, 0, 0, 0, 0, 0, 0, 0, 0, 0, 0, 0, 0, 0, 0]
6:2:121:!(scala.actors.Channel@bc6a,true):139:[7, 0, 2, 4, 6, 0, 10, 10, 0, 0, 0, 0, 0, 0, 0, 0, 0, 0, 0, 0]
2:7:123:Reg(1):140:[7, 0, 4, 4, 6, 0, 10, 10, 0, 0, 0, 0, 0, 0, 0, 0, 0, 0, 0, 0]
7:4:124:isProcessAlive(1):141:[7, 0, 4, 4, 6, 0, 10, 13, 0, 0, 0, 0, 0, 0, 0, 0, 0, 0, 0, 0]
4:7:125:!(scala.actors.Channel@bcc3,false):142:[7, 0, 4, 4, 8, 0, 10, 13, 0, 0, 0, 0, 0, 0, 0, 0, 0, 0, 0, 0]
7:6:127:InsertNewBackward(1,samira.procreg.Monitor@bde5):143:[7, 0, 4, 4, 8, 0, 10, 16, 0, 0, 0, 0, 0, 0, 0, 0, 0, 0, 0, 0]
6:7:128:!(scala.actors.Channel@bde0,true):144:[7, 2, 4, 4, 8, 0, 14, 16, 0, 0, 0, 0, 0, 0, 0, 0, 0, 0, 0, 0]
7:7:126:Down(1):145:[7, 0, 4, 4, 8, 0, 10, 15, 0, 0, 0, 0, 0, 0, 0, 0, 0, 0, 0, 0]
7:6:129:GetMatch(1):146:[7, 2, 4, 4, 8, 0, 14, 19, 0, 0, 0, 0, 0, 0, 0, 0, 0, 0, 0, 0]
6:7:130:!(scala.actors.Channel@bd42,Some(samira.procreg.Monitor@bde5)):147:[7, 2, 4, 4, 8, 0, 16, 19, 0, 0, 0, 0, 0, 0, 0, 0, 0, 0, 0, 0]
7:6:131:DeleteEntry(1):148:[7, 2, 4, 4, 8, 0, 16, 21, 0, 0, 0, 0, 0, 0, 0, 0, 0, 0, 0, 0]
6:7:132:!(scala.actors.Channel@bde0,()):149:[7, 2, 4, 4, 8, 0, 18, 21, 0, 0, 0, 0, 0, 0, 0, 0, 0, 0, 0, 0]
6:1:122:!(scala.actors.Channel@b35a,false):150:[7, 2, 2, 4, 6, 0, 12, 10, 0, 0, 0, 0, 0, 0, 0, 0, 0, 0, 0, 0]
1:7:133:Where(pName):151:[7, 4, 2, 4, 6, 0, 12, 10, 0, 0, 0, 0, 0, 0, 0, 0, 0, 0, 0, 0]
7:6:134:Lookup(pName):152:[7, 4, 4, 4, 8, 0, 18, 24, 0, 0, 0, 0, 0, 0, 0, 0, 0, 0, 0, 0]
6:7:135:!(scala.actors.Channel@bd42,-1):153:[7, 4, 4, 4, 8, 0, 20, 24, 0, 0, 0, 0, 0, 0, 0, 0, 0, 0, 0, 0]
7:4:136:isProcessAlive(-1):154:[7, 4, 4, 4, 8, 0, 20, 26, 0, 0, 0, 0, 0, 0, 0, 0, 0, 0, 0, 0]
4:7:137:!(scala.actors.Channel@bde0,false):155:[7, 4, 4, 4, 10, 0, 20, 26, 0, 0, 0, 0, 0, 0, 0, 0, 0, 0, 0, 0]
7:1:138:!(scala.actors.Channel@8034,-1):156:[7, 4, 4, 4, 10, 0, 20, 28, 0, 0, 0, 0, 0, 0, 0, 0, 0, 0, 0, 0]
1:7:139:Audit(pName):157:[7, 6, 4, 4, 10, 0, 20, 28, 0, 0, 0, 0, 0, 0, 0, 0, 0, 0, 0, 0]
7:6:140:Lookup(pName):158:[7, 6, 4, 4, 10, 0, 20, 30, 0, 0, 0, 0, 0, 0, 0, 0, 0, 0, 0, 0]
6:7:141:!(scala.actors.Channel@bcc3,-1):159:[7, 6, 4, 4, 10, 0, 22, 30, 0, 0, 0, 0, 0, 0, 0, 0, 0, 0, 0, 0]
7:4:142:isProcessAlive(-1):160:[7, 6, 4, 4, 10, 0, 22, 32, 0, 0, 0, 0, 0, 0, 0, 0, 0, 0, 0, 0]
4:7:143:!(scala.actors.Channel@bd42,false):161:[7, 6, 4, 4, 12, 0, 22, 32, 0, 0, 0, 0, 0, 0, 0, 0, 0, 0, 0, 0]
7:6:144:DeleteEntry(-1):162:[7, 6, 4, 4, 12, 0, 22, 34, 0, 0, 0, 0, 0, 0, 0, 0, 0, 0, 0, 0]
6:7:145:!(scala.actors.Channel@bde0,()):163:[7, 6, 4, 4, 12, 0, 24, 34, 0, 0, 0, 0, 0, 0, 0, 0, 0, 0, 0, 0]
7:1:146:!(scala.actors.Channel@b35a,()):164:[7, 6, 4, 4, 12, 0, 24, 36, 0, 0, 0, 0, 0, 0, 0, 0, 0, 0, 0, 0]
1:6:147:InsertNewForward(pName,1):165:[7, 8, 4, 4, 12, 0, 24, 36, 0, 0, 0, 0, 0, 0, 0, 0, 0, 0, 0, 0]
6:1:148:!(scala.actors.Channel@8034,true):166:[7, 8, 4, 4, 12, 0, 26, 36, 0, 0, 0, 0, 0, 0, 0, 0, 0, 0, 0, 0]
1:7:149:Reg(1):167:[7, 10, 4, 4, 12, 0, 26, 36, 0, 0, 0, 0, 0, 0, 0, 0, 0, 0, 0, 0]
7:4:150:isProcessAlive(1):168:[7, 10, 4, 4, 12, 0, 26, 38, 0, 0, 0, 0, 0, 0, 0, 0, 0, 0, 0, 0]
4:7:151:!(scala.actors.Channel@bcc3,false):169:[7, 10, 4, 4, 14, 0, 26, 38, 0, 0, 0, 0, 0, 0, 0, 0, 0, 0, 0, 0]
7:6:153:InsertNewBackward(1,samira.procreg.Monitor@bde5):170:[7, 10, 4, 4, 14, 0, 26, 41, 0, 0, 0, 0, 0, 0, 0, 0, 0, 0, 0, 0]
6:7:154:!(scala.actors.Channel@bde0,true):171:[7, 10, 4, 4, 14, 0, 28, 41, 0, 0, 0, 0, 0, 0, 0, 0, 0, 0, 0, 0]
7:7:152:Down(1):172:[7, 10, 4, 4, 14, 0, 26, 40, 0, 0, 0, 0, 0, 0, 0, 0, 0, 0, 0, 0]
7:6:155:GetMatch(1):173:[7, 10, 4, 4, 14, 0, 28, 44, 0, 0, 0, 0, 0, 0, 0, 0, 0, 0, 0, 0]
6:7:156:!(scala.actors.Channel@bd42,Some(samira.procreg.Monitor@bde5)):174:[7, 10, 4, 4, 14, 0, 30, 44, 0, 0, 0, 0, 0, 0, 0, 0, 0, 0, 0, 0]
7:6:157:DeleteEntry(1):175:[7, 10, 4, 4, 14, 0, 30, 46, 0, 0, 0, 0, 0, 0, 0, 0, 0, 0, 0, 0]
6:7:158:!(scala.actors.Channel@bde0,()):176:[7, 10, 4, 4, 14, 0, 32, 46, 0, 0, 0, 0, 0, 0, 0, 0, 0, 0, 0, 0]
##BUG:NO_BUG:7:8sec:43
0:4:100:spawn(pName):0:[1, 0, 0, 0, 0, 0, 0, 0, 0, 0, 0, 0, 0, 0, 0, 0, 0, 0, 0, 0]
4:0:101:!(scala.actors.Channel@ba76,1):1:[1, 0, 0, 0, 2, 0, 0, 0, 0, 0, 0, 0, 0, 0, 0, 0, 0, 0, 0, 0]
0:4:102:kill(1):2:[3, 0, 0, 0, 2, 0, 0, 0, 0, 0, 0, 0, 0, 0, 0, 0, 0, 0, 0, 0]
4:0:103:!(scala.actors.Channel@bfde,()):3:[3, 0, 0, 0, 4, 0, 0, 0, 0, 0, 0, 0, 0, 0, 0, 0, 0, 0, 0, 0]
0:3:106:Register(pName,1):4:[7, 0, 0, 0, 4, 0, 0, 0, 0, 0, 0, 0, 0, 0, 0, 0, 0, 0, 0, 0]
3:6:107:InsertNewForward(pName,1):5:[7, 0, 0, 2, 4, 0, 0, 0, 0, 0, 0, 0, 0, 0, 0, 0, 0, 0, 0, 0]
6:3:108:!(scala.actors.Channel@bf2a,true):6:[7, 0, 0, 2, 4, 0, 2, 0, 0, 0, 0, 0, 0, 0, 0, 0, 0, 0, 0, 0]
3:7:109:Reg(1):7:[7, 0, 0, 4, 4, 0, 2, 0, 0, 0, 0, 0, 0, 0, 0, 0, 0, 0, 0, 0]
7:4:110:isProcessAlive(1):8:[7, 0, 0, 4, 4, 0, 2, 2, 0, 0, 0, 0, 0, 0, 0, 0, 0, 0, 0, 0]
4:7:111:!(scala.actors.Channel@bde0,false):9:[7, 0, 0, 4, 6, 0, 2, 2, 0, 0, 0, 0, 0, 0, 0, 0, 0, 0, 0, 0]
7:6:113:InsertNewBackward(1,samira.procreg.Monitor@bde5):10:[7, 0, 0, 4, 6, 0, 2, 5, 0, 0, 0, 0, 0, 0, 0, 0, 0, 0, 0, 0]
6:7:114:!(scala.actors.Channel@bd42,true):11:[7, 0, 0, 4, 6, 0, 4, 5, 0, 0, 0, 0, 0, 0, 0, 0, 0, 0, 0, 0]
7:7:112:Down(1):12:[7, 0, 0, 4, 6, 0, 2, 4, 0, 0, 0, 0, 0, 0, 0, 0, 0, 0, 0, 0]
7:6:115:GetMatch(1):13:[7, 0, 0, 4, 6, 0, 4, 8, 0, 0, 0, 0, 0, 0, 0, 0, 0, 0, 0, 0]
6:7:116:!(scala.actors.Channel@bcc3,Some(samira.procreg.Monitor@bde5)):14:[7, 0, 0, 4, 6, 0, 6, 8, 0, 0, 0, 0, 0, 0, 0, 0, 0, 0, 0, 0]
7:6:117:DeleteEntry(1):15:[7, 0, 0, 4, 6, 0, 6, 10, 0, 0, 0, 0, 0, 0, 0, 0, 0, 0, 0, 0]
0:2:105:Register(pName,1):16:[6, 0, 0, 0, 4, 0, 0, 0, 0, 0, 0, 0, 0, 0, 0, 0, 0, 0, 0, 0]
6:7:118:!(scala.actors.Channel@bd42,()):177:[7, 0, 0, 4, 6, 0, 8, 10, 0, 0, 0, 0, 0, 0, 0, 0, 0, 0, 0, 0]
2:6:119:InsertNewForward(pName,1):178:[6, 0, 2, 0, 4, 0, 0, 0, 0, 0, 0, 0, 0, 0, 0, 0, 0, 0, 0, 0]
6:2:120:!(scala.actors.Channel@bc6a,true):179:[7, 0, 2, 4, 6, 0, 10, 10, 0, 0, 0, 0, 0, 0, 0, 0, 0, 0, 0, 0]
2:7:121:Reg(1):180:[7, 0, 4, 4, 6, 0, 10, 10, 0, 0, 0, 0, 0, 0, 0, 0, 0, 0, 0, 0]
7:4:122:isProcessAlive(1):181:[7, 0, 4, 4, 6, 0, 10, 13, 0, 0, 0, 0, 0, 0, 0, 0, 0, 0, 0, 0]
4:7:123:!(scala.actors.Channel@bcc3,false):182:[7, 0, 4, 4, 8, 0, 10, 13, 0, 0, 0, 0, 0, 0, 0, 0, 0, 0, 0, 0]
7:6:125:InsertNewBackward(1,samira.procreg.Monitor@bde5):183:[7, 0, 4, 4, 8, 0, 10, 16, 0, 0, 0, 0, 0, 0, 0, 0, 0, 0, 0, 0]
6:7:126:!(scala.actors.Channel@bde0,true):184:[7, 0, 4, 4, 8, 0, 12, 16, 0, 0, 0, 0, 0, 0, 0, 0, 0, 0, 0, 0]
7:7:124:Down(1):185:[7, 0, 4, 4, 8, 0, 10, 15, 0, 0, 0, 0, 0, 0, 0, 0, 0, 0, 0, 0]
7:6:127:GetMatch(1):186:[7, 0, 4, 4, 8, 0, 12, 19, 0, 0, 0, 0, 0, 0, 0, 0, 0, 0, 0, 0]
6:7:128:!(scala.actors.Channel@bd42,Some(samira.procreg.Monitor@bde5)):187:[7, 0, 4, 4, 8, 0, 14, 19, 0, 0, 0, 0, 0, 0, 0, 0, 0, 0, 0, 0]
7:6:129:DeleteEntry(1):188:[7, 0, 4, 4, 8, 0, 14, 21, 0, 0, 0, 0, 0, 0, 0, 0, 0, 0, 0, 0]
6:7:130:!(scala.actors.Channel@bde0,()):189:[7, 0, 4, 4, 8, 0, 16, 21, 0, 0, 0, 0, 0, 0, 0, 0, 0, 0, 0, 0]
0:1:104:Register(pName,1):190:[5, 0, 0, 0, 4, 0, 0, 0, 0, 0, 0, 0, 0, 0, 0, 0, 0, 0, 0, 0]
1:6:131:InsertNewForward(pName,1):191:[5, 2, 0, 0, 4, 0, 0, 0, 0, 0, 0, 0, 0, 0, 0, 0, 0, 0, 0, 0]
6:1:132:!(scala.actors.Channel@b35a,true):192:[7, 2, 4, 4, 8, 0, 18, 21, 0, 0, 0, 0, 0, 0, 0, 0, 0, 0, 0, 0]
1:7:133:Reg(1):193:[7, 4, 4, 4, 8, 0, 18, 21, 0, 0, 0, 0, 0, 0, 0, 0, 0, 0, 0, 0]
7:4:134:isProcessAlive(1):194:[7, 4, 4, 4, 8, 0, 18, 24, 0, 0, 0, 0, 0, 0, 0, 0, 0, 0, 0, 0]
4:7:135:!(scala.actors.Channel@bd42,false):195:[7, 4, 4, 4, 10, 0, 18, 24, 0, 0, 0, 0, 0, 0, 0, 0, 0, 0, 0, 0]
7:6:137:InsertNewBackward(1,samira.procreg.Monitor@bde5):196:[7, 4, 4, 4, 10, 0, 18, 27, 0, 0, 0, 0, 0, 0, 0, 0, 0, 0, 0, 0]
6:7:138:!(scala.actors.Channel@bde0,true):197:[7, 4, 4, 4, 10, 0, 20, 27, 0, 0, 0, 0, 0, 0, 0, 0, 0, 0, 0, 0]
7:7:136:Down(1):198:[7, 4, 4, 4, 10, 0, 18, 26, 0, 0, 0, 0, 0, 0, 0, 0, 0, 0, 0, 0]
7:6:139:GetMatch(1):199:[7, 4, 4, 4, 10, 0, 20, 30, 0, 0, 0, 0, 0, 0, 0, 0, 0, 0, 0, 0]
6:7:140:!(scala.actors.Channel@bcc3,Some(samira.procreg.Monitor@bde5)):200:[7, 4, 4, 4, 10, 0, 22, 30, 0, 0, 0, 0, 0, 0, 0, 0, 0, 0, 0, 0]
7:6:141:DeleteEntry(1):201:[7, 4, 4, 4, 10, 0, 22, 32, 0, 0, 0, 0, 0, 0, 0, 0, 0, 0, 0, 0]
6:7:142:!(scala.actors.Channel@bde0,()):202:[7, 4, 4, 4, 10, 0, 24, 32, 0, 0, 0, 0, 0, 0, 0, 0, 0, 0, 0, 0]
##BUG:NO_BUG:8:9sec:43
0:4:100:spawn(pName):0:[1, 0, 0, 0, 0, 0, 0, 0, 0, 0, 0, 0, 0, 0, 0, 0, 0, 0, 0, 0]
4:0:101:!(scala.actors.Channel@ba76,1):1:[1, 0, 0, 0, 2, 0, 0, 0, 0, 0, 0, 0, 0, 0, 0, 0, 0, 0, 0, 0]
0:4:102:kill(1):2:[3, 0, 0, 0, 2, 0, 0, 0, 0, 0, 0, 0, 0, 0, 0, 0, 0, 0, 0, 0]
4:0:103:!(scala.actors.Channel@bfde,()):3:[3, 0, 0, 0, 4, 0, 0, 0, 0, 0, 0, 0, 0, 0, 0, 0, 0, 0, 0, 0]
0:3:106:Register(pName,1):4:[7, 0, 0, 0, 4, 0, 0, 0, 0, 0, 0, 0, 0, 0, 0, 0, 0, 0, 0, 0]
3:6:107:InsertNewForward(pName,1):5:[7, 0, 0, 2, 4, 0, 0, 0, 0, 0, 0, 0, 0, 0, 0, 0, 0, 0, 0, 0]
6:3:108:!(scala.actors.Channel@bf2a,true):6:[7, 0, 0, 2, 4, 0, 2, 0, 0, 0, 0, 0, 0, 0, 0, 0, 0, 0, 0, 0]
3:7:109:Reg(1):7:[7, 0, 0, 4, 4, 0, 2, 0, 0, 0, 0, 0, 0, 0, 0, 0, 0, 0, 0, 0]
7:4:110:isProcessAlive(1):8:[7, 0, 0, 4, 4, 0, 2, 2, 0, 0, 0, 0, 0, 0, 0, 0, 0, 0, 0, 0]
4:7:111:!(scala.actors.Channel@bde0,false):9:[7, 0, 0, 4, 6, 0, 2, 2, 0, 0, 0, 0, 0, 0, 0, 0, 0, 0, 0, 0]
7:6:113:InsertNewBackward(1,samira.procreg.Monitor@bde5):10:[7, 0, 0, 4, 6, 0, 2, 5, 0, 0, 0, 0, 0, 0, 0, 0, 0, 0, 0, 0]
6:7:114:!(scala.actors.Channel@bd42,true):11:[7, 0, 0, 4, 6, 0, 4, 5, 0, 0, 0, 0, 0, 0, 0, 0, 0, 0, 0, 0]
7:7:112:Down(1):12:[7, 0, 0, 4, 6, 0, 2, 4, 0, 0, 0, 0, 0, 0, 0, 0, 0, 0, 0, 0]
7:6:115:GetMatch(1):13:[7, 0, 0, 4, 6, 0, 4, 8, 0, 0, 0, 0, 0, 0, 0, 0, 0, 0, 0, 0]
6:7:116:!(scala.actors.Channel@bcc3,Some(samira.procreg.Monitor@bde5)):14:[7, 0, 0, 4, 6, 0, 6, 8, 0, 0, 0, 0, 0, 0, 0, 0, 0, 0, 0, 0]
0:2:105:Register(pName,1):15:[6, 0, 0, 0, 4, 0, 0, 0, 0, 0, 0, 0, 0, 0, 0, 0, 0, 0, 0, 0]
7:6:117:DeleteEntry(1):203:[7, 0, 0, 4, 6, 0, 6, 10, 0, 0, 0, 0, 0, 0, 0, 0, 0, 0, 0, 0]
6:7:119:!(scala.actors.Channel@bd42,()):204:[7, 0, 0, 4, 6, 0, 8, 10, 0, 0, 0, 0, 0, 0, 0, 0, 0, 0, 0, 0]
2:6:118:InsertNewForward(pName,1):205:[6, 0, 2, 0, 4, 0, 0, 0, 0, 0, 0, 0, 0, 0, 0, 0, 0, 0, 0, 0]
6:2:120:!(scala.actors.Channel@bc6a,true):206:[7, 0, 2, 4, 6, 0, 10, 10, 0, 0, 0, 0, 0, 0, 0, 0, 0, 0, 0, 0]
2:7:121:Reg(1):207:[7, 0, 4, 4, 6, 0, 10, 10, 0, 0, 0, 0, 0, 0, 0, 0, 0, 0, 0, 0]
7:4:122:isProcessAlive(1):208:[7, 0, 4, 4, 6, 0, 10, 13, 0, 0, 0, 0, 0, 0, 0, 0, 0, 0, 0, 0]
4:7:123:!(scala.actors.Channel@bcc3,false):209:[7, 0, 4, 4, 8, 0, 10, 13, 0, 0, 0, 0, 0, 0, 0, 0, 0, 0, 0, 0]
7:6:125:InsertNewBackward(1,samira.procreg.Monitor@bde5):210:[7, 0, 4, 4, 8, 0, 10, 16, 0, 0, 0, 0, 0, 0, 0, 0, 0, 0, 0, 0]
6:7:126:!(scala.actors.Channel@bde0,true):211:[7, 0, 4, 4, 8, 0, 12, 16, 0, 0, 0, 0, 0, 0, 0, 0, 0, 0, 0, 0]
7:7:124:Down(1):212:[7, 0, 4, 4, 8, 0, 10, 15, 0, 0, 0, 0, 0, 0, 0, 0, 0, 0, 0, 0]
7:6:127:GetMatch(1):213:[7, 0, 4, 4, 8, 0, 12, 19, 0, 0, 0, 0, 0, 0, 0, 0, 0, 0, 0, 0]
6:7:128:!(scala.actors.Channel@bd42,Some(samira.procreg.Monitor@bde5)):214:[7, 0, 4, 4, 8, 0, 14, 19, 0, 0, 0, 0, 0, 0, 0, 0, 0, 0, 0, 0]
7:6:129:DeleteEntry(1):215:[7, 0, 4, 4, 8, 0, 14, 21, 0, 0, 0, 0, 0, 0, 0, 0, 0, 0, 0, 0]
6:7:130:!(scala.actors.Channel@bde0,()):216:[7, 0, 4, 4, 8, 0, 16, 21, 0, 0, 0, 0, 0, 0, 0, 0, 0, 0, 0, 0]
0:1:104:Register(pName,1):217:[5, 0, 0, 0, 4, 0, 0, 0, 0, 0, 0, 0, 0, 0, 0, 0, 0, 0, 0, 0]
1:6:131:InsertNewForward(pName,1):218:[5, 2, 0, 0, 4, 0, 0, 0, 0, 0, 0, 0, 0, 0, 0, 0, 0, 0, 0, 0]
6:1:132:!(scala.actors.Channel@b35a,true):219:[7, 2, 4, 4, 8, 0, 18, 21, 0, 0, 0, 0, 0, 0, 0, 0, 0, 0, 0, 0]
1:7:133:Reg(1):220:[7, 4, 4, 4, 8, 0, 18, 21, 0, 0, 0, 0, 0, 0, 0, 0, 0, 0, 0, 0]
7:4:134:isProcessAlive(1):221:[7, 4, 4, 4, 8, 0, 18, 24, 0, 0, 0, 0, 0, 0, 0, 0, 0, 0, 0, 0]
4:7:135:!(scala.actors.Channel@bd42,false):222:[7, 4, 4, 4, 10, 0, 18, 24, 0, 0, 0, 0, 0, 0, 0, 0, 0, 0, 0, 0]
7:6:137:InsertNewBackward(1,samira.procreg.Monitor@bde5):223:[7, 4, 4, 4, 10, 0, 18, 27, 0, 0, 0, 0, 0, 0, 0, 0, 0, 0, 0, 0]
6:7:138:!(scala.actors.Channel@bde0,true):224:[7, 4, 4, 4, 10, 0, 20, 27, 0, 0, 0, 0, 0, 0, 0, 0, 0, 0, 0, 0]
7:7:136:Down(1):225:[7, 4, 4, 4, 10, 0, 18, 26, 0, 0, 0, 0, 0, 0, 0, 0, 0, 0, 0, 0]
7:6:139:GetMatch(1):226:[7, 4, 4, 4, 10, 0, 20, 30, 0, 0, 0, 0, 0, 0, 0, 0, 0, 0, 0, 0]
6:7:140:!(scala.actors.Channel@bcc3,Some(samira.procreg.Monitor@bde5)):227:[7, 4, 4, 4, 10, 0, 22, 30, 0, 0, 0, 0, 0, 0, 0, 0, 0, 0, 0, 0]
7:6:141:DeleteEntry(1):228:[7, 4, 4, 4, 10, 0, 22, 32, 0, 0, 0, 0, 0, 0, 0, 0, 0, 0, 0, 0]
6:7:142:!(scala.actors.Channel@bde0,()):229:[7, 4, 4, 4, 10, 0, 24, 32, 0, 0, 0, 0, 0, 0, 0, 0, 0, 0, 0, 0]
##BUG:TRACE_HAD_ERROR/EXCEPTION/INVALID_TERMINATION:9:10sec:44
0:4:100:spawn(pName):0:[1, 0, 0, 0, 0, 0, 0, 0, 0, 0, 0, 0, 0, 0, 0, 0, 0, 0, 0, 0]
4:0:101:!(scala.actors.Channel@ba76,1):1:[1, 0, 0, 0, 2, 0, 0, 0, 0, 0, 0, 0, 0, 0, 0, 0, 0, 0, 0, 0]
0:4:102:kill(1):2:[3, 0, 0, 0, 2, 0, 0, 0, 0, 0, 0, 0, 0, 0, 0, 0, 0, 0, 0, 0]
4:0:103:!(scala.actors.Channel@bfde,()):3:[3, 0, 0, 0, 4, 0, 0, 0, 0, 0, 0, 0, 0, 0, 0, 0, 0, 0, 0, 0]
0:3:106:Register(pName,1):4:[7, 0, 0, 0, 4, 0, 0, 0, 0, 0, 0, 0, 0, 0, 0, 0, 0, 0, 0, 0]
3:6:107:InsertNewForward(pName,1):5:[7, 0, 0, 2, 4, 0, 0, 0, 0, 0, 0, 0, 0, 0, 0, 0, 0, 0, 0, 0]
6:3:108:!(scala.actors.Channel@bf2a,true):6:[7, 0, 0, 2, 4, 0, 2, 0, 0, 0, 0, 0, 0, 0, 0, 0, 0, 0, 0, 0]
3:7:109:Reg(1):7:[7, 0, 0, 4, 4, 0, 2, 0, 0, 0, 0, 0, 0, 0, 0, 0, 0, 0, 0, 0]
7:4:110:isProcessAlive(1):8:[7, 0, 0, 4, 4, 0, 2, 2, 0, 0, 0, 0, 0, 0, 0, 0, 0, 0, 0, 0]
4:7:111:!(scala.actors.Channel@bde0,false):9:[7, 0, 0, 4, 6, 0, 2, 2, 0, 0, 0, 0, 0, 0, 0, 0, 0, 0, 0, 0]
7:6:113:InsertNewBackward(1,samira.procreg.Monitor@bde5):10:[7, 0, 0, 4, 6, 0, 2, 5, 0, 0, 0, 0, 0, 0, 0, 0, 0, 0, 0, 0]
6:7:114:!(scala.actors.Channel@bd42,true):11:[7, 0, 0, 4, 6, 0, 4, 5, 0, 0, 0, 0, 0, 0, 0, 0, 0, 0, 0, 0]
7:7:112:Down(1):12:[7, 0, 0, 4, 6, 0, 2, 4, 0, 0, 0, 0, 0, 0, 0, 0, 0, 0, 0, 0]
7:6:115:GetMatch(1):13:[7, 0, 0, 4, 6, 0, 4, 8, 0, 0, 0, 0, 0, 0, 0, 0, 0, 0, 0, 0]
6:7:116:!(scala.actors.Channel@bcc3,Some(samira.procreg.Monitor@bde5)):14:[7, 0, 0, 4, 6, 0, 6, 8, 0, 0, 0, 0, 0, 0, 0, 0, 0, 0, 0, 0]
0:1:104:Register(pName,1):15:[5, 0, 0, 0, 4, 0, 0, 0, 0, 0, 0, 0, 0, 0, 0, 0, 0, 0, 0, 0]
7:6:117:DeleteEntry(1):230:[7, 0, 0, 4, 6, 0, 6, 10, 0, 0, 0, 0, 0, 0, 0, 0, 0, 0, 0, 0]
6:7:119:!(scala.actors.Channel@bd42,()):231:[7, 0, 0, 4, 6, 0, 8, 10, 0, 0, 0, 0, 0, 0, 0, 0, 0, 0, 0, 0]
1:6:118:InsertNewForward(pName,1):232:[5, 2, 0, 0, 4, 0, 0, 0, 0, 0, 0, 0, 0, 0, 0, 0, 0, 0, 0, 0]
0:2:105:Register(pName,1):233:[6, 0, 0, 0, 4, 0, 0, 0, 0, 0, 0, 0, 0, 0, 0, 0, 0, 0, 0, 0]
2:6:121:InsertNewForward(pName,1):234:[6, 0, 2, 0, 4, 0, 0, 0, 0, 0, 0, 0, 0, 0, 0, 0, 0, 0, 0, 0]
6:2:122:!(scala.actors.Channel@bc6a,false):235:[7, 2, 2, 4, 6, 0, 12, 10, 0, 0, 0, 0, 0, 0, 0, 0, 0, 0, 0, 0]
2:7:123:Where(pName):236:[7, 2, 4, 4, 6, 0, 12, 10, 0, 0, 0, 0, 0, 0, 0, 0, 0, 0, 0, 0]
7:6:124:Lookup(pName):237:[7, 2, 4, 4, 6, 0, 12, 13, 0, 0, 0, 0, 0, 0, 0, 0, 0, 0, 0, 0]
6:7:125:!(scala.actors.Channel@bcc3,1):238:[7, 2, 4, 4, 6, 0, 14, 13, 0, 0, 0, 0, 0, 0, 0, 0, 0, 0, 0, 0]
7:4:126:isProcessAlive(1):239:[7, 2, 4, 4, 6, 0, 14, 15, 0, 0, 0, 0, 0, 0, 0, 0, 0, 0, 0, 0]
4:7:127:!(scala.actors.Channel@bd42,false):240:[7, 2, 4, 4, 8, 0, 14, 15, 0, 0, 0, 0, 0, 0, 0, 0, 0, 0, 0, 0]
7:2:128:!(scala.actors.Channel@86cc,-1):241:[7, 2, 4, 4, 8, 0, 14, 17, 0, 0, 0, 0, 0, 0, 0, 0, 0, 0, 0, 0]
2:7:129:Audit(pName):242:[7, 2, 6, 4, 8, 0, 14, 17, 0, 0, 0, 0, 0, 0, 0, 0, 0, 0, 0, 0]
7:6:130:Lookup(pName):243:[7, 2, 6, 4, 8, 0, 14, 19, 0, 0, 0, 0, 0, 0, 0, 0, 0, 0, 0, 0]
6:7:131:!(scala.actors.Channel@bde0,1):244:[7, 2, 6, 4, 8, 0, 16, 19, 0, 0, 0, 0, 0, 0, 0, 0, 0, 0, 0, 0]
7:4:132:isProcessAlive(1):245:[7, 2, 6, 4, 8, 0, 16, 21, 0, 0, 0, 0, 0, 0, 0, 0, 0, 0, 0, 0]
4:7:133:!(scala.actors.Channel@bcc3,false):246:[7, 2, 6, 4, 10, 0, 16, 21, 0, 0, 0, 0, 0, 0, 0, 0, 0, 0, 0, 0]
7:6:134:DeleteEntry(1):247:[7, 2, 6, 4, 10, 0, 16, 23, 0, 0, 0, 0, 0, 0, 0, 0, 0, 0, 0, 0]
6:7:135:!(scala.actors.Channel@bd42,()):248:[7, 2, 6, 4, 10, 0, 18, 23, 0, 0, 0, 0, 0, 0, 0, 0, 0, 0, 0, 0]
7:2:136:!(scala.actors.Channel@bc6a,()):249:[7, 2, 6, 4, 10, 0, 18, 25, 0, 0, 0, 0, 0, 0, 0, 0, 0, 0, 0, 0]
2:6:137:InsertNewForward(pName,1):250:[7, 2, 8, 4, 10, 0, 18, 25, 0, 0, 0, 0, 0, 0, 0, 0, 0, 0, 0, 0]
6:2:138:!(scala.actors.Channel@86cc,false):251:[7, 2, 8, 4, 10, 0, 20, 25, 0, 0, 0, 0, 0, 0, 0, 0, 0, 0, 0, 0]
2:7:139:Where(pName):252:[7, 2, 10, 4, 10, 0, 20, 25, 0, 0, 0, 0, 0, 0, 0, 0, 0, 0, 0, 0]
7:6:140:Lookup(pName):253:[7, 2, 10, 4, 10, 0, 20, 27, 0, 0, 0, 0, 0, 0, 0, 0, 0, 0, 0, 0]
6:7:141:!(scala.actors.Channel@bde0,1):254:[7, 2, 10, 4, 10, 0, 22, 27, 0, 0, 0, 0, 0, 0, 0, 0, 0, 0, 0, 0]
7:4:142:isProcessAlive(1):255:[7, 2, 10, 4, 10, 0, 22, 29, 0, 0, 0, 0, 0, 0, 0, 0, 0, 0, 0, 0]
4:7:143:!(scala.actors.Channel@bd42,false):256:[7, 2, 10, 4, 12, 0, 22, 29, 0, 0, 0, 0, 0, 0, 0, 0, 0, 0, 0, 0]
7:2:144:!(scala.actors.Channel@86d8,-1):257:[7, 2, 10, 4, 12, 0, 22, 31, 0, 0, 0, 0, 0, 0, 0, 0, 0, 0, 0, 0]
##BUGGY_ACTORS: 1
2
##BUG:NO_BUG:10:11sec:59
0:4:100:spawn(pName):0:[1, 0, 0, 0, 0, 0, 0, 0, 0, 0, 0, 0, 0, 0, 0, 0, 0, 0, 0, 0]
4:0:101:!(scala.actors.Channel@ba76,1):1:[1, 0, 0, 0, 2, 0, 0, 0, 0, 0, 0, 0, 0, 0, 0, 0, 0, 0, 0, 0]
0:4:102:kill(1):2:[3, 0, 0, 0, 2, 0, 0, 0, 0, 0, 0, 0, 0, 0, 0, 0, 0, 0, 0, 0]
4:0:103:!(scala.actors.Channel@bfde,()):3:[3, 0, 0, 0, 4, 0, 0, 0, 0, 0, 0, 0, 0, 0, 0, 0, 0, 0, 0, 0]
0:3:106:Register(pName,1):4:[7, 0, 0, 0, 4, 0, 0, 0, 0, 0, 0, 0, 0, 0, 0, 0, 0, 0, 0, 0]
3:6:107:InsertNewForward(pName,1):5:[7, 0, 0, 2, 4, 0, 0, 0, 0, 0, 0, 0, 0, 0, 0, 0, 0, 0, 0, 0]
6:3:108:!(scala.actors.Channel@bf2a,true):6:[7, 0, 0, 2, 4, 0, 2, 0, 0, 0, 0, 0, 0, 0, 0, 0, 0, 0, 0, 0]
3:7:109:Reg(1):7:[7, 0, 0, 4, 4, 0, 2, 0, 0, 0, 0, 0, 0, 0, 0, 0, 0, 0, 0, 0]
7:4:110:isProcessAlive(1):8:[7, 0, 0, 4, 4, 0, 2, 2, 0, 0, 0, 0, 0, 0, 0, 0, 0, 0, 0, 0]
4:7:111:!(scala.actors.Channel@bde0,false):9:[7, 0, 0, 4, 6, 0, 2, 2, 0, 0, 0, 0, 0, 0, 0, 0, 0, 0, 0, 0]
7:6:113:InsertNewBackward(1,samira.procreg.Monitor@bde5):10:[7, 0, 0, 4, 6, 0, 2, 5, 0, 0, 0, 0, 0, 0, 0, 0, 0, 0, 0, 0]
6:7:114:!(scala.actors.Channel@bd42,true):11:[7, 0, 0, 4, 6, 0, 4, 5, 0, 0, 0, 0, 0, 0, 0, 0, 0, 0, 0, 0]
7:7:112:Down(1):12:[7, 0, 0, 4, 6, 0, 2, 4, 0, 0, 0, 0, 0, 0, 0, 0, 0, 0, 0, 0]
0:2:105:Register(pName,1):13:[6, 0, 0, 0, 4, 0, 0, 0, 0, 0, 0, 0, 0, 0, 0, 0, 0, 0, 0, 0]
7:6:115:GetMatch(1):258:[7, 0, 0, 4, 6, 0, 4, 8, 0, 0, 0, 0, 0, 0, 0, 0, 0, 0, 0, 0]
6:7:117:!(scala.actors.Channel@bcc3,Some(samira.procreg.Monitor@bde5)):259:[7, 0, 0, 4, 6, 0, 6, 8, 0, 0, 0, 0, 0, 0, 0, 0, 0, 0, 0, 0]
2:6:116:InsertNewForward(pName,1):260:[6, 0, 2, 0, 4, 0, 0, 0, 0, 0, 0, 0, 0, 0, 0, 0, 0, 0, 0, 0]
7:6:118:DeleteEntry(1):261:[7, 0, 0, 4, 6, 0, 6, 10, 0, 0, 0, 0, 0, 0, 0, 0, 0, 0, 0, 0]
6:7:120:!(scala.actors.Channel@bd42,()):262:[7, 0, 2, 4, 6, 0, 10, 10, 0, 0, 0, 0, 0, 0, 0, 0, 0, 0, 0, 0]
6:2:119:!(scala.actors.Channel@bc6a,false):263:[7, 0, 2, 4, 6, 0, 8, 8, 0, 0, 0, 0, 0, 0, 0, 0, 0, 0, 0, 0]
2:7:121:Where(pName):264:[7, 0, 4, 4, 6, 0, 8, 8, 0, 0, 0, 0, 0, 0, 0, 0, 0, 0, 0, 0]
7:6:122:Lookup(pName):265:[7, 0, 4, 4, 6, 0, 10, 13, 0, 0, 0, 0, 0, 0, 0, 0, 0, 0, 0, 0]
6:7:123:!(scala.actors.Channel@bcc3,-1):266:[7, 0, 4, 4, 6, 0, 12, 13, 0, 0, 0, 0, 0, 0, 0, 0, 0, 0, 0, 0]
7:4:124:isProcessAlive(-1):267:[7, 0, 4, 4, 6, 0, 12, 15, 0, 0, 0, 0, 0, 0, 0, 0, 0, 0, 0, 0]
4:7:125:!(scala.actors.Channel@bd42,false):268:[7, 0, 4, 4, 8, 0, 12, 15, 0, 0, 0, 0, 0, 0, 0, 0, 0, 0, 0, 0]
7:2:126:!(scala.actors.Channel@86cc,-1):269:[7, 0, 4, 4, 8, 0, 12, 17, 0, 0, 0, 0, 0, 0, 0, 0, 0, 0, 0, 0]
2:7:127:Audit(pName):270:[7, 0, 6, 4, 8, 0, 12, 17, 0, 0, 0, 0, 0, 0, 0, 0, 0, 0, 0, 0]
7:6:128:Lookup(pName):271:[7, 0, 6, 4, 8, 0, 12, 19, 0, 0, 0, 0, 0, 0, 0, 0, 0, 0, 0, 0]
6:7:129:!(scala.actors.Channel@bde0,-1):272:[7, 0, 6, 4, 8, 0, 14, 19, 0, 0, 0, 0, 0, 0, 0, 0, 0, 0, 0, 0]
7:4:130:isProcessAlive(-1):273:[7, 0, 6, 4, 8, 0, 14, 21, 0, 0, 0, 0, 0, 0, 0, 0, 0, 0, 0, 0]
4:7:131:!(scala.actors.Channel@bcc3,false):274:[7, 0, 6, 4, 10, 0, 14, 21, 0, 0, 0, 0, 0, 0, 0, 0, 0, 0, 0, 0]
7:6:132:DeleteEntry(-1):275:[7, 0, 6, 4, 10, 0, 14, 23, 0, 0, 0, 0, 0, 0, 0, 0, 0, 0, 0, 0]
6:7:133:!(scala.actors.Channel@bd42,()):276:[7, 0, 6, 4, 10, 0, 16, 23, 0, 0, 0, 0, 0, 0, 0, 0, 0, 0, 0, 0]
7:2:134:!(scala.actors.Channel@bc6a,()):277:[7, 0, 6, 4, 10, 0, 16, 25, 0, 0, 0, 0, 0, 0, 0, 0, 0, 0, 0, 0]
2:6:135:InsertNewForward(pName,1):278:[7, 0, 8, 4, 10, 0, 16, 25, 0, 0, 0, 0, 0, 0, 0, 0, 0, 0, 0, 0]
6:2:136:!(scala.actors.Channel@86cc,true):279:[7, 0, 8, 4, 10, 0, 18, 25, 0, 0, 0, 0, 0, 0, 0, 0, 0, 0, 0, 0]
2:7:137:Reg(1):280:[7, 0, 10, 4, 10, 0, 18, 25, 0, 0, 0, 0, 0, 0, 0, 0, 0, 0, 0, 0]
7:4:138:isProcessAlive(1):281:[7, 0, 10, 4, 10, 0, 18, 27, 0, 0, 0, 0, 0, 0, 0, 0, 0, 0, 0, 0]
4:7:139:!(scala.actors.Channel@bde0,false):282:[7, 0, 10, 4, 12, 0, 18, 27, 0, 0, 0, 0, 0, 0, 0, 0, 0, 0, 0, 0]
7:6:141:InsertNewBackward(1,samira.procreg.Monitor@bde5):283:[7, 0, 10, 4, 12, 0, 18, 30, 0, 0, 0, 0, 0, 0, 0, 0, 0, 0, 0, 0]
6:7:142:!(scala.actors.Channel@bd42,true):284:[7, 0, 10, 4, 12, 0, 20, 30, 0, 0, 0, 0, 0, 0, 0, 0, 0, 0, 0, 0]
7:7:140:Down(1):285:[7, 0, 10, 4, 12, 0, 18, 29, 0, 0, 0, 0, 0, 0, 0, 0, 0, 0, 0, 0]
7:6:143:GetMatch(1):286:[7, 0, 10, 4, 12, 0, 20, 33, 0, 0, 0, 0, 0, 0, 0, 0, 0, 0, 0, 0]
6:7:144:!(scala.actors.Channel@bcc3,Some(samira.procreg.Monitor@bde5)):287:[7, 0, 10, 4, 12, 0, 22, 33, 0, 0, 0, 0, 0, 0, 0, 0, 0, 0, 0, 0]
7:6:145:DeleteEntry(1):288:[7, 0, 10, 4, 12, 0, 22, 35, 0, 0, 0, 0, 0, 0, 0, 0, 0, 0, 0, 0]
6:7:146:!(scala.actors.Channel@bd42,()):289:[7, 0, 10, 4, 12, 0, 24, 35, 0, 0, 0, 0, 0, 0, 0, 0, 0, 0, 0, 0]
0:1:104:Register(pName,1):290:[5, 0, 0, 0, 4, 0, 0, 0, 0, 0, 0, 0, 0, 0, 0, 0, 0, 0, 0, 0]
1:6:147:InsertNewForward(pName,1):291:[5, 2, 0, 0, 4, 0, 0, 0, 0, 0, 0, 0, 0, 0, 0, 0, 0, 0, 0, 0]
6:1:148:!(scala.actors.Channel@b35a,true):292:[7, 2, 10, 4, 12, 0, 26, 35, 0, 0, 0, 0, 0, 0, 0, 0, 0, 0, 0, 0]
1:7:149:Reg(1):293:[7, 4, 10, 4, 12, 0, 26, 35, 0, 0, 0, 0, 0, 0, 0, 0, 0, 0, 0, 0]
7:4:150:isProcessAlive(1):294:[7, 4, 10, 4, 12, 0, 26, 38, 0, 0, 0, 0, 0, 0, 0, 0, 0, 0, 0, 0]
4:7:151:!(scala.actors.Channel@bcc3,false):295:[7, 4, 10, 4, 14, 0, 26, 38, 0, 0, 0, 0, 0, 0, 0, 0, 0, 0, 0, 0]
7:6:153:InsertNewBackward(1,samira.procreg.Monitor@bde5):296:[7, 4, 10, 4, 14, 0, 26, 41, 0, 0, 0, 0, 0, 0, 0, 0, 0, 0, 0, 0]
6:7:154:!(scala.actors.Channel@bde0,true):297:[7, 4, 10, 4, 14, 0, 28, 41, 0, 0, 0, 0, 0, 0, 0, 0, 0, 0, 0, 0]
7:7:152:Down(1):298:[7, 4, 10, 4, 14, 0, 26, 40, 0, 0, 0, 0, 0, 0, 0, 0, 0, 0, 0, 0]
7:6:155:GetMatch(1):299:[7, 4, 10, 4, 14, 0, 28, 44, 0, 0, 0, 0, 0, 0, 0, 0, 0, 0, 0, 0]
6:7:156:!(scala.actors.Channel@bd42,Some(samira.procreg.Monitor@bde5)):300:[7, 4, 10, 4, 14, 0, 30, 44, 0, 0, 0, 0, 0, 0, 0, 0, 0, 0, 0, 0]
7:6:157:DeleteEntry(1):301:[7, 4, 10, 4, 14, 0, 30, 46, 0, 0, 0, 0, 0, 0, 0, 0, 0, 0, 0, 0]
6:7:158:!(scala.actors.Channel@bde0,()):302:[7, 4, 10, 4, 14, 0, 32, 46, 0, 0, 0, 0, 0, 0, 0, 0, 0, 0, 0, 0]
##BUG:NO_BUG:11:13sec:59
0:4:100:spawn(pName):0:[1, 0, 0, 0, 0, 0, 0, 0, 0, 0, 0, 0, 0, 0, 0, 0, 0, 0, 0, 0]
4:0:101:!(scala.actors.Channel@ba76,1):1:[1, 0, 0, 0, 2, 0, 0, 0, 0, 0, 0, 0, 0, 0, 0, 0, 0, 0, 0, 0]
0:4:102:kill(1):2:[3, 0, 0, 0, 2, 0, 0, 0, 0, 0, 0, 0, 0, 0, 0, 0, 0, 0, 0, 0]
4:0:103:!(scala.actors.Channel@bfde,()):3:[3, 0, 0, 0, 4, 0, 0, 0, 0, 0, 0, 0, 0, 0, 0, 0, 0, 0, 0, 0]
0:3:106:Register(pName,1):4:[7, 0, 0, 0, 4, 0, 0, 0, 0, 0, 0, 0, 0, 0, 0, 0, 0, 0, 0, 0]
3:6:107:InsertNewForward(pName,1):5:[7, 0, 0, 2, 4, 0, 0, 0, 0, 0, 0, 0, 0, 0, 0, 0, 0, 0, 0, 0]
6:3:108:!(scala.actors.Channel@bf2a,true):6:[7, 0, 0, 2, 4, 0, 2, 0, 0, 0, 0, 0, 0, 0, 0, 0, 0, 0, 0, 0]
3:7:109:Reg(1):7:[7, 0, 0, 4, 4, 0, 2, 0, 0, 0, 0, 0, 0, 0, 0, 0, 0, 0, 0, 0]
7:4:110:isProcessAlive(1):8:[7, 0, 0, 4, 4, 0, 2, 2, 0, 0, 0, 0, 0, 0, 0, 0, 0, 0, 0, 0]
4:7:111:!(scala.actors.Channel@bde0,false):9:[7, 0, 0, 4, 6, 0, 2, 2, 0, 0, 0, 0, 0, 0, 0, 0, 0, 0, 0, 0]
7:6:113:InsertNewBackward(1,samira.procreg.Monitor@bde5):10:[7, 0, 0, 4, 6, 0, 2, 5, 0, 0, 0, 0, 0, 0, 0, 0, 0, 0, 0, 0]
6:7:114:!(scala.actors.Channel@bd42,true):11:[7, 0, 0, 4, 6, 0, 4, 5, 0, 0, 0, 0, 0, 0, 0, 0, 0, 0, 0, 0]
7:7:112:Down(1):12:[7, 0, 0, 4, 6, 0, 2, 4, 0, 0, 0, 0, 0, 0, 0, 0, 0, 0, 0, 0]
0:1:104:Register(pName,1):13:[5, 0, 0, 0, 4, 0, 0, 0, 0, 0, 0, 0, 0, 0, 0, 0, 0, 0, 0, 0]
7:6:115:GetMatch(1):303:[7, 0, 0, 4, 6, 0, 4, 8, 0, 0, 0, 0, 0, 0, 0, 0, 0, 0, 0, 0]
6:7:117:!(scala.actors.Channel@bcc3,Some(samira.procreg.Monitor@bde5)):304:[7, 0, 0, 4, 6, 0, 6, 8, 0, 0, 0, 0, 0, 0, 0, 0, 0, 0, 0, 0]
1:6:116:InsertNewForward(pName,1):305:[5, 2, 0, 0, 4, 0, 0, 0, 0, 0, 0, 0, 0, 0, 0, 0, 0, 0, 0, 0]
7:6:118:DeleteEntry(1):306:[7, 0, 0, 4, 6, 0, 6, 10, 0, 0, 0, 0, 0, 0, 0, 0, 0, 0, 0, 0]
6:7:120:!(scala.actors.Channel@bd42,()):307:[7, 2, 0, 4, 6, 0, 10, 10, 0, 0, 0, 0, 0, 0, 0, 0, 0, 0, 0, 0]
0:2:105:Register(pName,1):308:[6, 0, 0, 0, 4, 0, 0, 0, 0, 0, 0, 0, 0, 0, 0, 0, 0, 0, 0, 0]
2:6:121:InsertNewForward(pName,1):309:[6, 0, 2, 0, 4, 0, 0, 0, 0, 0, 0, 0, 0, 0, 0, 0, 0, 0, 0, 0]
6:2:122:!(scala.actors.Channel@bc6a,true):310:[7, 2, 2, 4, 6, 0, 12, 10, 0, 0, 0, 0, 0, 0, 0, 0, 0, 0, 0, 0]
2:7:123:Reg(1):311:[7, 2, 4, 4, 6, 0, 12, 10, 0, 0, 0, 0, 0, 0, 0, 0, 0, 0, 0, 0]
7:4:124:isProcessAlive(1):312:[7, 2, 4, 4, 6, 0, 12, 13, 0, 0, 0, 0, 0, 0, 0, 0, 0, 0, 0, 0]
4:7:125:!(scala.actors.Channel@bcc3,false):313:[7, 2, 4, 4, 8, 0, 12, 13, 0, 0, 0, 0, 0, 0, 0, 0, 0, 0, 0, 0]
7:6:127:InsertNewBackward(1,samira.procreg.Monitor@bde5):314:[7, 2, 4, 4, 8, 0, 12, 16, 0, 0, 0, 0, 0, 0, 0, 0, 0, 0, 0, 0]
6:7:128:!(scala.actors.Channel@bde0,true):315:[7, 2, 4, 4, 8, 0, 14, 16, 0, 0, 0, 0, 0, 0, 0, 0, 0, 0, 0, 0]
7:7:126:Down(1):316:[7, 2, 4, 4, 8, 0, 12, 15, 0, 0, 0, 0, 0, 0, 0, 0, 0, 0, 0, 0]
7:6:129:GetMatch(1):317:[7, 2, 4, 4, 8, 0, 14, 19, 0, 0, 0, 0, 0, 0, 0, 0, 0, 0, 0, 0]
6:7:130:!(scala.actors.Channel@bd42,Some(samira.procreg.Monitor@bde5)):318:[7, 2, 4, 4, 8, 0, 16, 19, 0, 0, 0, 0, 0, 0, 0, 0, 0, 0, 0, 0]
7:6:131:DeleteEntry(1):319:[7, 2, 4, 4, 8, 0, 16, 21, 0, 0, 0, 0, 0, 0, 0, 0, 0, 0, 0, 0]
6:7:132:!(scala.actors.Channel@bde0,()):320:[7, 2, 4, 4, 8, 0, 18, 21, 0, 0, 0, 0, 0, 0, 0, 0, 0, 0, 0, 0]
6:1:119:!(scala.actors.Channel@b35a,false):321:[7, 2, 0, 4, 6, 0, 8, 8, 0, 0, 0, 0, 0, 0, 0, 0, 0, 0, 0, 0]
1:7:133:Where(pName):322:[7, 4, 0, 4, 6, 0, 8, 8, 0, 0, 0, 0, 0, 0, 0, 0, 0, 0, 0, 0]
7:6:134:Lookup(pName):323:[7, 4, 4, 4, 8, 0, 18, 24, 0, 0, 0, 0, 0, 0, 0, 0, 0, 0, 0, 0]
6:7:135:!(scala.actors.Channel@bd42,-1):324:[7, 4, 4, 4, 8, 0, 20, 24, 0, 0, 0, 0, 0, 0, 0, 0, 0, 0, 0, 0]
7:4:136:isProcessAlive(-1):325:[7, 4, 4, 4, 8, 0, 20, 26, 0, 0, 0, 0, 0, 0, 0, 0, 0, 0, 0, 0]
4:7:137:!(scala.actors.Channel@bde0,false):326:[7, 4, 4, 4, 10, 0, 20, 26, 0, 0, 0, 0, 0, 0, 0, 0, 0, 0, 0, 0]
7:1:138:!(scala.actors.Channel@8034,-1):327:[7, 4, 4, 4, 10, 0, 20, 28, 0, 0, 0, 0, 0, 0, 0, 0, 0, 0, 0, 0]
1:7:139:Audit(pName):328:[7, 6, 4, 4, 10, 0, 20, 28, 0, 0, 0, 0, 0, 0, 0, 0, 0, 0, 0, 0]
7:6:140:Lookup(pName):329:[7, 6, 4, 4, 10, 0, 20, 30, 0, 0, 0, 0, 0, 0, 0, 0, 0, 0, 0, 0]
6:7:141:!(scala.actors.Channel@bcc3,-1):330:[7, 6, 4, 4, 10, 0, 22, 30, 0, 0, 0, 0, 0, 0, 0, 0, 0, 0, 0, 0]
7:4:142:isProcessAlive(-1):331:[7, 6, 4, 4, 10, 0, 22, 32, 0, 0, 0, 0, 0, 0, 0, 0, 0, 0, 0, 0]
4:7:143:!(scala.actors.Channel@bd42,false):332:[7, 6, 4, 4, 12, 0, 22, 32, 0, 0, 0, 0, 0, 0, 0, 0, 0, 0, 0, 0]
7:6:144:DeleteEntry(-1):333:[7, 6, 4, 4, 12, 0, 22, 34, 0, 0, 0, 0, 0, 0, 0, 0, 0, 0, 0, 0]
6:7:145:!(scala.actors.Channel@bde0,()):334:[7, 6, 4, 4, 12, 0, 24, 34, 0, 0, 0, 0, 0, 0, 0, 0, 0, 0, 0, 0]
7:1:146:!(scala.actors.Channel@b35a,()):335:[7, 6, 4, 4, 12, 0, 24, 36, 0, 0, 0, 0, 0, 0, 0, 0, 0, 0, 0, 0]
1:6:147:InsertNewForward(pName,1):336:[7, 8, 4, 4, 12, 0, 24, 36, 0, 0, 0, 0, 0, 0, 0, 0, 0, 0, 0, 0]
6:1:148:!(scala.actors.Channel@8034,true):337:[7, 8, 4, 4, 12, 0, 26, 36, 0, 0, 0, 0, 0, 0, 0, 0, 0, 0, 0, 0]
1:7:149:Reg(1):338:[7, 10, 4, 4, 12, 0, 26, 36, 0, 0, 0, 0, 0, 0, 0, 0, 0, 0, 0, 0]
7:4:150:isProcessAlive(1):339:[7, 10, 4, 4, 12, 0, 26, 38, 0, 0, 0, 0, 0, 0, 0, 0, 0, 0, 0, 0]
4:7:151:!(scala.actors.Channel@bcc3,false):340:[7, 10, 4, 4, 14, 0, 26, 38, 0, 0, 0, 0, 0, 0, 0, 0, 0, 0, 0, 0]
7:6:153:InsertNewBackward(1,samira.procreg.Monitor@bde5):341:[7, 10, 4, 4, 14, 0, 26, 41, 0, 0, 0, 0, 0, 0, 0, 0, 0, 0, 0, 0]
6:7:154:!(scala.actors.Channel@bde0,true):342:[7, 10, 4, 4, 14, 0, 28, 41, 0, 0, 0, 0, 0, 0, 0, 0, 0, 0, 0, 0]
7:7:152:Down(1):343:[7, 10, 4, 4, 14, 0, 26, 40, 0, 0, 0, 0, 0, 0, 0, 0, 0, 0, 0, 0]
7:6:155:GetMatch(1):344:[7, 10, 4, 4, 14, 0, 28, 44, 0, 0, 0, 0, 0, 0, 0, 0, 0, 0, 0, 0]
6:7:156:!(scala.actors.Channel@bd42,Some(samira.procreg.Monitor@bde5)):345:[7, 10, 4, 4, 14, 0, 30, 44, 0, 0, 0, 0, 0, 0, 0, 0, 0, 0, 0, 0]
7:6:157:DeleteEntry(1):346:[7, 10, 4, 4, 14, 0, 30, 46, 0, 0, 0, 0, 0, 0, 0, 0, 0, 0, 0, 0]
6:7:158:!(scala.actors.Channel@bde0,()):347:[7, 10, 4, 4, 14, 0, 32, 46, 0, 0, 0, 0, 0, 0, 0, 0, 0, 0, 0, 0]
##BUG:NO_BUG:12:14sec:59
0:4:100:spawn(pName):0:[1, 0, 0, 0, 0, 0, 0, 0, 0, 0, 0, 0, 0, 0, 0, 0, 0, 0, 0, 0]
4:0:101:!(scala.actors.Channel@ba76,1):1:[1, 0, 0, 0, 2, 0, 0, 0, 0, 0, 0, 0, 0, 0, 0, 0, 0, 0, 0, 0]
0:4:102:kill(1):2:[3, 0, 0, 0, 2, 0, 0, 0, 0, 0, 0, 0, 0, 0, 0, 0, 0, 0, 0, 0]
4:0:103:!(scala.actors.Channel@bfde,()):3:[3, 0, 0, 0, 4, 0, 0, 0, 0, 0, 0, 0, 0, 0, 0, 0, 0, 0, 0, 0]
0:3:106:Register(pName,1):4:[7, 0, 0, 0, 4, 0, 0, 0, 0, 0, 0, 0, 0, 0, 0, 0, 0, 0, 0, 0]
3:6:107:InsertNewForward(pName,1):5:[7, 0, 0, 2, 4, 0, 0, 0, 0, 0, 0, 0, 0, 0, 0, 0, 0, 0, 0, 0]
6:3:108:!(scala.actors.Channel@bf2a,true):6:[7, 0, 0, 2, 4, 0, 2, 0, 0, 0, 0, 0, 0, 0, 0, 0, 0, 0, 0, 0]
3:7:109:Reg(1):7:[7, 0, 0, 4, 4, 0, 2, 0, 0, 0, 0, 0, 0, 0, 0, 0, 0, 0, 0, 0]
7:4:110:isProcessAlive(1):8:[7, 0, 0, 4, 4, 0, 2, 2, 0, 0, 0, 0, 0, 0, 0, 0, 0, 0, 0, 0]
4:7:111:!(scala.actors.Channel@bde0,false):9:[7, 0, 0, 4, 6, 0, 2, 2, 0, 0, 0, 0, 0, 0, 0, 0, 0, 0, 0, 0]
0:2:105:Register(pName,1):10:[6, 0, 0, 0, 4, 0, 0, 0, 0, 0, 0, 0, 0, 0, 0, 0, 0, 0, 0, 0]
7:6:113:InsertNewBackward(1,samira.procreg.Monitor@bde5):348:[7, 0, 0, 4, 6, 0, 2, 5, 0, 0, 0, 0, 0, 0, 0, 0, 0, 0, 0, 0]
6:7:115:!(scala.actors.Channel@bd42,true):349:[7, 0, 0, 4, 6, 0, 4, 5, 0, 0, 0, 0, 0, 0, 0, 0, 0, 0, 0, 0]
7:7:112:Down(1):350:[7, 0, 0, 4, 6, 0, 2, 4, 0, 0, 0, 0, 0, 0, 0, 0, 0, 0, 0, 0]
2:6:114:InsertNewForward(pName,1):351:[6, 0, 2, 0, 4, 0, 0, 0, 0, 0, 0, 0, 0, 0, 0, 0, 0, 0, 0, 0]
7:6:116:GetMatch(1):352:[7, 0, 0, 4, 6, 0, 4, 8, 0, 0, 0, 0, 0, 0, 0, 0, 0, 0, 0, 0]
6:7:118:!(scala.actors.Channel@bcc3,Some(samira.procreg.Monitor@bde5)):353:[7, 0, 2, 4, 6, 0, 8, 8, 0, 0, 0, 0, 0, 0, 0, 0, 0, 0, 0, 0]
7:6:119:DeleteEntry(1):354:[7, 0, 2, 4, 6, 0, 8, 10, 0, 0, 0, 0, 0, 0, 0, 0, 0, 0, 0, 0]
6:7:120:!(scala.actors.Channel@bd42,()):355:[7, 0, 2, 4, 6, 0, 10, 10, 0, 0, 0, 0, 0, 0, 0, 0, 0, 0, 0, 0]
6:2:117:!(scala.actors.Channel@bc6a,false):356:[7, 0, 2, 4, 6, 0, 6, 5, 0, 0, 0, 0, 0, 0, 0, 0, 0, 0, 0, 0]
2:7:121:Where(pName):357:[7, 0, 4, 4, 6, 0, 6, 5, 0, 0, 0, 0, 0, 0, 0, 0, 0, 0, 0, 0]
7:6:122:Lookup(pName):358:[7, 0, 4, 4, 6, 0, 10, 13, 0, 0, 0, 0, 0, 0, 0, 0, 0, 0, 0, 0]
6:7:123:!(scala.actors.Channel@bcc3,-1):359:[7, 0, 4, 4, 6, 0, 12, 13, 0, 0, 0, 0, 0, 0, 0, 0, 0, 0, 0, 0]
7:4:124:isProcessAlive(-1):360:[7, 0, 4, 4, 6, 0, 12, 15, 0, 0, 0, 0, 0, 0, 0, 0, 0, 0, 0, 0]
4:7:125:!(scala.actors.Channel@bd42,false):361:[7, 0, 4, 4, 8, 0, 12, 15, 0, 0, 0, 0, 0, 0, 0, 0, 0, 0, 0, 0]
7:2:126:!(scala.actors.Channel@86cc,-1):362:[7, 0, 4, 4, 8, 0, 12, 17, 0, 0, 0, 0, 0, 0, 0, 0, 0, 0, 0, 0]
2:7:127:Audit(pName):363:[7, 0, 6, 4, 8, 0, 12, 17, 0, 0, 0, 0, 0, 0, 0, 0, 0, 0, 0, 0]
7:6:128:Lookup(pName):364:[7, 0, 6, 4, 8, 0, 12, 19, 0, 0, 0, 0, 0, 0, 0, 0, 0, 0, 0, 0]
6:7:129:!(scala.actors.Channel@bde0,-1):365:[7, 0, 6, 4, 8, 0, 14, 19, 0, 0, 0, 0, 0, 0, 0, 0, 0, 0, 0, 0]
7:4:130:isProcessAlive(-1):366:[7, 0, 6, 4, 8, 0, 14, 21, 0, 0, 0, 0, 0, 0, 0, 0, 0, 0, 0, 0]
4:7:131:!(scala.actors.Channel@bcc3,false):367:[7, 0, 6, 4, 10, 0, 14, 21, 0, 0, 0, 0, 0, 0, 0, 0, 0, 0, 0, 0]
7:6:132:DeleteEntry(-1):368:[7, 0, 6, 4, 10, 0, 14, 23, 0, 0, 0, 0, 0, 0, 0, 0, 0, 0, 0, 0]
6:7:133:!(scala.actors.Channel@bd42,()):369:[7, 0, 6, 4, 10, 0, 16, 23, 0, 0, 0, 0, 0, 0, 0, 0, 0, 0, 0, 0]
7:2:134:!(scala.actors.Channel@bc6a,()):370:[7, 0, 6, 4, 10, 0, 16, 25, 0, 0, 0, 0, 0, 0, 0, 0, 0, 0, 0, 0]
2:6:135:InsertNewForward(pName,1):371:[7, 0, 8, 4, 10, 0, 16, 25, 0, 0, 0, 0, 0, 0, 0, 0, 0, 0, 0, 0]
6:2:136:!(scala.actors.Channel@86cc,true):372:[7, 0, 8, 4, 10, 0, 18, 25, 0, 0, 0, 0, 0, 0, 0, 0, 0, 0, 0, 0]
2:7:137:Reg(1):373:[7, 0, 10, 4, 10, 0, 18, 25, 0, 0, 0, 0, 0, 0, 0, 0, 0, 0, 0, 0]
7:4:138:isProcessAlive(1):374:[7, 0, 10, 4, 10, 0, 18, 27, 0, 0, 0, 0, 0, 0, 0, 0, 0, 0, 0, 0]
4:7:139:!(scala.actors.Channel@bde0,false):375:[7, 0, 10, 4, 12, 0, 18, 27, 0, 0, 0, 0, 0, 0, 0, 0, 0, 0, 0, 0]
7:6:141:InsertNewBackward(1,samira.procreg.Monitor@bde5):376:[7, 0, 10, 4, 12, 0, 18, 30, 0, 0, 0, 0, 0, 0, 0, 0, 0, 0, 0, 0]
6:7:142:!(scala.actors.Channel@bd42,true):377:[7, 0, 10, 4, 12, 0, 20, 30, 0, 0, 0, 0, 0, 0, 0, 0, 0, 0, 0, 0]
7:7:140:Down(1):378:[7, 0, 10, 4, 12, 0, 18, 29, 0, 0, 0, 0, 0, 0, 0, 0, 0, 0, 0, 0]
7:6:143:GetMatch(1):379:[7, 0, 10, 4, 12, 0, 20, 33, 0, 0, 0, 0, 0, 0, 0, 0, 0, 0, 0, 0]
6:7:144:!(scala.actors.Channel@bcc3,Some(samira.procreg.Monitor@bde5)):380:[7, 0, 10, 4, 12, 0, 22, 33, 0, 0, 0, 0, 0, 0, 0, 0, 0, 0, 0, 0]
7:6:145:DeleteEntry(1):381:[7, 0, 10, 4, 12, 0, 22, 35, 0, 0, 0, 0, 0, 0, 0, 0, 0, 0, 0, 0]
6:7:146:!(scala.actors.Channel@bd42,()):382:[7, 0, 10, 4, 12, 0, 24, 35, 0, 0, 0, 0, 0, 0, 0, 0, 0, 0, 0, 0]
0:1:104:Register(pName,1):383:[5, 0, 0, 0, 4, 0, 0, 0, 0, 0, 0, 0, 0, 0, 0, 0, 0, 0, 0, 0]
1:6:147:InsertNewForward(pName,1):384:[5, 2, 0, 0, 4, 0, 0, 0, 0, 0, 0, 0, 0, 0, 0, 0, 0, 0, 0, 0]
6:1:148:!(scala.actors.Channel@b35a,true):385:[7, 2, 10, 4, 12, 0, 26, 35, 0, 0, 0, 0, 0, 0, 0, 0, 0, 0, 0, 0]
1:7:149:Reg(1):386:[7, 4, 10, 4, 12, 0, 26, 35, 0, 0, 0, 0, 0, 0, 0, 0, 0, 0, 0, 0]
7:4:150:isProcessAlive(1):387:[7, 4, 10, 4, 12, 0, 26, 38, 0, 0, 0, 0, 0, 0, 0, 0, 0, 0, 0, 0]
4:7:151:!(scala.actors.Channel@bcc3,false):388:[7, 4, 10, 4, 14, 0, 26, 38, 0, 0, 0, 0, 0, 0, 0, 0, 0, 0, 0, 0]
7:6:153:InsertNewBackward(1,samira.procreg.Monitor@bde5):389:[7, 4, 10, 4, 14, 0, 26, 41, 0, 0, 0, 0, 0, 0, 0, 0, 0, 0, 0, 0]
6:7:154:!(scala.actors.Channel@bde0,true):390:[7, 4, 10, 4, 14, 0, 28, 41, 0, 0, 0, 0, 0, 0, 0, 0, 0, 0, 0, 0]
7:7:152:Down(1):391:[7, 4, 10, 4, 14, 0, 26, 40, 0, 0, 0, 0, 0, 0, 0, 0, 0, 0, 0, 0]
7:6:155:GetMatch(1):392:[7, 4, 10, 4, 14, 0, 28, 44, 0, 0, 0, 0, 0, 0, 0, 0, 0, 0, 0, 0]
6:7:156:!(scala.actors.Channel@bd42,Some(samira.procreg.Monitor@bde5)):393:[7, 4, 10, 4, 14, 0, 30, 44, 0, 0, 0, 0, 0, 0, 0, 0, 0, 0, 0, 0]
7:6:157:DeleteEntry(1):394:[7, 4, 10, 4, 14, 0, 30, 46, 0, 0, 0, 0, 0, 0, 0, 0, 0, 0, 0, 0]
6:7:158:!(scala.actors.Channel@bde0,()):395:[7, 4, 10, 4, 14, 0, 32, 46, 0, 0, 0, 0, 0, 0, 0, 0, 0, 0, 0, 0]
##BUG:NO_BUG:13:15sec:59
0:4:100:spawn(pName):0:[1, 0, 0, 0, 0, 0, 0, 0, 0, 0, 0, 0, 0, 0, 0, 0, 0, 0, 0, 0]
4:0:101:!(scala.actors.Channel@ba76,1):1:[1, 0, 0, 0, 2, 0, 0, 0, 0, 0, 0, 0, 0, 0, 0, 0, 0, 0, 0, 0]
0:4:102:kill(1):2:[3, 0, 0, 0, 2, 0, 0, 0, 0, 0, 0, 0, 0, 0, 0, 0, 0, 0, 0, 0]
4:0:103:!(scala.actors.Channel@bfde,()):3:[3, 0, 0, 0, 4, 0, 0, 0, 0, 0, 0, 0, 0, 0, 0, 0, 0, 0, 0, 0]
0:3:106:Register(pName,1):4:[7, 0, 0, 0, 4, 0, 0, 0, 0, 0, 0, 0, 0, 0, 0, 0, 0, 0, 0, 0]
3:6:107:InsertNewForward(pName,1):5:[7, 0, 0, 2, 4, 0, 0, 0, 0, 0, 0, 0, 0, 0, 0, 0, 0, 0, 0, 0]
6:3:108:!(scala.actors.Channel@bf2a,true):6:[7, 0, 0, 2, 4, 0, 2, 0, 0, 0, 0, 0, 0, 0, 0, 0, 0, 0, 0, 0]
3:7:109:Reg(1):7:[7, 0, 0, 4, 4, 0, 2, 0, 0, 0, 0, 0, 0, 0, 0, 0, 0, 0, 0, 0]
7:4:110:isProcessAlive(1):8:[7, 0, 0, 4, 4, 0, 2, 2, 0, 0, 0, 0, 0, 0, 0, 0, 0, 0, 0, 0]
4:7:111:!(scala.actors.Channel@bde0,false):9:[7, 0, 0, 4, 6, 0, 2, 2, 0, 0, 0, 0, 0, 0, 0, 0, 0, 0, 0, 0]
0:1:104:Register(pName,1):10:[5, 0, 0, 0, 4, 0, 0, 0, 0, 0, 0, 0, 0, 0, 0, 0, 0, 0, 0, 0]
7:6:113:InsertNewBackward(1,samira.procreg.Monitor@bde5):396:[7, 0, 0, 4, 6, 0, 2, 5, 0, 0, 0, 0, 0, 0, 0, 0, 0, 0, 0, 0]
6:7:115:!(scala.actors.Channel@bd42,true):397:[7, 0, 0, 4, 6, 0, 4, 5, 0, 0, 0, 0, 0, 0, 0, 0, 0, 0, 0, 0]
7:7:112:Down(1):398:[7, 0, 0, 4, 6, 0, 2, 4, 0, 0, 0, 0, 0, 0, 0, 0, 0, 0, 0, 0]
1:6:114:InsertNewForward(pName,1):399:[5, 2, 0, 0, 4, 0, 0, 0, 0, 0, 0, 0, 0, 0, 0, 0, 0, 0, 0, 0]
7:6:116:GetMatch(1):400:[7, 0, 0, 4, 6, 0, 4, 8, 0, 0, 0, 0, 0, 0, 0, 0, 0, 0, 0, 0]
6:7:118:!(scala.actors.Channel@bcc3,Some(samira.procreg.Monitor@bde5)):401:[7, 2, 0, 4, 6, 0, 8, 8, 0, 0, 0, 0, 0, 0, 0, 0, 0, 0, 0, 0]
7:6:119:DeleteEntry(1):402:[7, 2, 0, 4, 6, 0, 8, 10, 0, 0, 0, 0, 0, 0, 0, 0, 0, 0, 0, 0]
6:7:120:!(scala.actors.Channel@bd42,()):403:[7, 2, 0, 4, 6, 0, 10, 10, 0, 0, 0, 0, 0, 0, 0, 0, 0, 0, 0, 0]
0:2:105:Register(pName,1):404:[6, 0, 0, 0, 4, 0, 0, 0, 0, 0, 0, 0, 0, 0, 0, 0, 0, 0, 0, 0]
2:6:121:InsertNewForward(pName,1):405:[6, 0, 2, 0, 4, 0, 0, 0, 0, 0, 0, 0, 0, 0, 0, 0, 0, 0, 0, 0]
6:2:122:!(scala.actors.Channel@bc6a,true):406:[7, 2, 2, 4, 6, 0, 12, 10, 0, 0, 0, 0, 0, 0, 0, 0, 0, 0, 0, 0]
2:7:123:Reg(1):407:[7, 2, 4, 4, 6, 0, 12, 10, 0, 0, 0, 0, 0, 0, 0, 0, 0, 0, 0, 0]
7:4:124:isProcessAlive(1):408:[7, 2, 4, 4, 6, 0, 12, 13, 0, 0, 0, 0, 0, 0, 0, 0, 0, 0, 0, 0]
4:7:125:!(scala.actors.Channel@bcc3,false):409:[7, 2, 4, 4, 8, 0, 12, 13, 0, 0, 0, 0, 0, 0, 0, 0, 0, 0, 0, 0]
7:6:127:InsertNewBackward(1,samira.procreg.Monitor@bde5):410:[7, 2, 4, 4, 8, 0, 12, 16, 0, 0, 0, 0, 0, 0, 0, 0, 0, 0, 0, 0]
6:7:128:!(scala.actors.Channel@bde0,true):411:[7, 2, 4, 4, 8, 0, 14, 16, 0, 0, 0, 0, 0, 0, 0, 0, 0, 0, 0, 0]
7:7:126:Down(1):412:[7, 2, 4, 4, 8, 0, 12, 15, 0, 0, 0, 0, 0, 0, 0, 0, 0, 0, 0, 0]
7:6:129:GetMatch(1):413:[7, 2, 4, 4, 8, 0, 14, 19, 0, 0, 0, 0, 0, 0, 0, 0, 0, 0, 0, 0]
6:7:130:!(scala.actors.Channel@bd42,Some(samira.procreg.Monitor@bde5)):414:[7, 2, 4, 4, 8, 0, 16, 19, 0, 0, 0, 0, 0, 0, 0, 0, 0, 0, 0, 0]
7:6:131:DeleteEntry(1):415:[7, 2, 4, 4, 8, 0, 16, 21, 0, 0, 0, 0, 0, 0, 0, 0, 0, 0, 0, 0]
6:7:132:!(scala.actors.Channel@bde0,()):416:[7, 2, 4, 4, 8, 0, 18, 21, 0, 0, 0, 0, 0, 0, 0, 0, 0, 0, 0, 0]
6:1:117:!(scala.actors.Channel@b35a,false):417:[7, 2, 0, 4, 6, 0, 6, 5, 0, 0, 0, 0, 0, 0, 0, 0, 0, 0, 0, 0]
1:7:133:Where(pName):418:[7, 4, 0, 4, 6, 0, 6, 5, 0, 0, 0, 0, 0, 0, 0, 0, 0, 0, 0, 0]
7:6:134:Lookup(pName):419:[7, 4, 4, 4, 8, 0, 18, 24, 0, 0, 0, 0, 0, 0, 0, 0, 0, 0, 0, 0]
6:7:135:!(scala.actors.Channel@bd42,-1):420:[7, 4, 4, 4, 8, 0, 20, 24, 0, 0, 0, 0, 0, 0, 0, 0, 0, 0, 0, 0]
7:4:136:isProcessAlive(-1):421:[7, 4, 4, 4, 8, 0, 20, 26, 0, 0, 0, 0, 0, 0, 0, 0, 0, 0, 0, 0]
4:7:137:!(scala.actors.Channel@bde0,false):422:[7, 4, 4, 4, 10, 0, 20, 26, 0, 0, 0, 0, 0, 0, 0, 0, 0, 0, 0, 0]
7:1:138:!(scala.actors.Channel@8034,-1):423:[7, 4, 4, 4, 10, 0, 20, 28, 0, 0, 0, 0, 0, 0, 0, 0, 0, 0, 0, 0]
1:7:139:Audit(pName):424:[7, 6, 4, 4, 10, 0, 20, 28, 0, 0, 0, 0, 0, 0, 0, 0, 0, 0, 0, 0]
7:6:140:Lookup(pName):425:[7, 6, 4, 4, 10, 0, 20, 30, 0, 0, 0, 0, 0, 0, 0, 0, 0, 0, 0, 0]
6:7:141:!(scala.actors.Channel@bcc3,-1):426:[7, 6, 4, 4, 10, 0, 22, 30, 0, 0, 0, 0, 0, 0, 0, 0, 0, 0, 0, 0]
7:4:142:isProcessAlive(-1):427:[7, 6, 4, 4, 10, 0, 22, 32, 0, 0, 0, 0, 0, 0, 0, 0, 0, 0, 0, 0]
4:7:143:!(scala.actors.Channel@bd42,false):428:[7, 6, 4, 4, 12, 0, 22, 32, 0, 0, 0, 0, 0, 0, 0, 0, 0, 0, 0, 0]
7:6:144:DeleteEntry(-1):429:[7, 6, 4, 4, 12, 0, 22, 34, 0, 0, 0, 0, 0, 0, 0, 0, 0, 0, 0, 0]
6:7:145:!(scala.actors.Channel@bde0,()):430:[7, 6, 4, 4, 12, 0, 24, 34, 0, 0, 0, 0, 0, 0, 0, 0, 0, 0, 0, 0]
7:1:146:!(scala.actors.Channel@b35a,()):431:[7, 6, 4, 4, 12, 0, 24, 36, 0, 0, 0, 0, 0, 0, 0, 0, 0, 0, 0, 0]
1:6:147:InsertNewForward(pName,1):432:[7, 8, 4, 4, 12, 0, 24, 36, 0, 0, 0, 0, 0, 0, 0, 0, 0, 0, 0, 0]
6:1:148:!(scala.actors.Channel@8034,true):433:[7, 8, 4, 4, 12, 0, 26, 36, 0, 0, 0, 0, 0, 0, 0, 0, 0, 0, 0, 0]
1:7:149:Reg(1):434:[7, 10, 4, 4, 12, 0, 26, 36, 0, 0, 0, 0, 0, 0, 0, 0, 0, 0, 0, 0]
7:4:150:isProcessAlive(1):435:[7, 10, 4, 4, 12, 0, 26, 38, 0, 0, 0, 0, 0, 0, 0, 0, 0, 0, 0, 0]
4:7:151:!(scala.actors.Channel@bcc3,false):436:[7, 10, 4, 4, 14, 0, 26, 38, 0, 0, 0, 0, 0, 0, 0, 0, 0, 0, 0, 0]
7:6:153:InsertNewBackward(1,samira.procreg.Monitor@bde5):437:[7, 10, 4, 4, 14, 0, 26, 41, 0, 0, 0, 0, 0, 0, 0, 0, 0, 0, 0, 0]
6:7:154:!(scala.actors.Channel@bde0,true):438:[7, 10, 4, 4, 14, 0, 28, 41, 0, 0, 0, 0, 0, 0, 0, 0, 0, 0, 0, 0]
7:7:152:Down(1):439:[7, 10, 4, 4, 14, 0, 26, 40, 0, 0, 0, 0, 0, 0, 0, 0, 0, 0, 0, 0]
7:6:155:GetMatch(1):440:[7, 10, 4, 4, 14, 0, 28, 44, 0, 0, 0, 0, 0, 0, 0, 0, 0, 0, 0, 0]
6:7:156:!(scala.actors.Channel@bd42,Some(samira.procreg.Monitor@bde5)):441:[7, 10, 4, 4, 14, 0, 30, 44, 0, 0, 0, 0, 0, 0, 0, 0, 0, 0, 0, 0]
7:6:157:DeleteEntry(1):442:[7, 10, 4, 4, 14, 0, 30, 46, 0, 0, 0, 0, 0, 0, 0, 0, 0, 0, 0, 0]
6:7:158:!(scala.actors.Channel@bde0,()):443:[7, 10, 4, 4, 14, 0, 32, 46, 0, 0, 0, 0, 0, 0, 0, 0, 0, 0, 0, 0]
##BUG:NO_BUG:14:17sec:59
0:4:100:spawn(pName):0:[1, 0, 0, 0, 0, 0, 0, 0, 0, 0, 0, 0, 0, 0, 0, 0, 0, 0, 0, 0]
4:0:101:!(scala.actors.Channel@ba76,1):1:[1, 0, 0, 0, 2, 0, 0, 0, 0, 0, 0, 0, 0, 0, 0, 0, 0, 0, 0, 0]
0:4:102:kill(1):2:[3, 0, 0, 0, 2, 0, 0, 0, 0, 0, 0, 0, 0, 0, 0, 0, 0, 0, 0, 0]
4:0:103:!(scala.actors.Channel@bfde,()):3:[3, 0, 0, 0, 4, 0, 0, 0, 0, 0, 0, 0, 0, 0, 0, 0, 0, 0, 0, 0]
0:3:106:Register(pName,1):4:[7, 0, 0, 0, 4, 0, 0, 0, 0, 0, 0, 0, 0, 0, 0, 0, 0, 0, 0, 0]
0:2:105:Register(pName,1):5:[6, 0, 0, 0, 4, 0, 0, 0, 0, 0, 0, 0, 0, 0, 0, 0, 0, 0, 0, 0]
3:6:107:InsertNewForward(pName,1):444:[7, 0, 0, 2, 4, 0, 0, 0, 0, 0, 0, 0, 0, 0, 0, 0, 0, 0, 0, 0]
2:6:108:InsertNewForward(pName,1):445:[6, 0, 2, 0, 4, 0, 0, 0, 0, 0, 0, 0, 0, 0, 0, 0, 0, 0, 0, 0]
6:3:109:!(scala.actors.Channel@bf2a,true):446:[7, 0, 0, 2, 4, 0, 2, 0, 0, 0, 0, 0, 0, 0, 0, 0, 0, 0, 0, 0]
3:7:111:Reg(1):447:[7, 0, 0, 4, 4, 0, 2, 0, 0, 0, 0, 0, 0, 0, 0, 0, 0, 0, 0, 0]
7:4:112:isProcessAlive(1):448:[7, 0, 0, 4, 4, 0, 2, 2, 0, 0, 0, 0, 0, 0, 0, 0, 0, 0, 0, 0]
4:7:113:!(scala.actors.Channel@bde0,false):449:[7, 0, 0, 4, 6, 0, 2, 2, 0, 0, 0, 0, 0, 0, 0, 0, 0, 0, 0, 0]
7:6:115:InsertNewBackward(1,samira.procreg.Monitor@bde5):450:[7, 0, 0, 4, 6, 0, 2, 5, 0, 0, 0, 0, 0, 0, 0, 0, 0, 0, 0, 0]
6:7:116:!(scala.actors.Channel@bd42,true):451:[7, 0, 2, 4, 6, 0, 6, 5, 0, 0, 0, 0, 0, 0, 0, 0, 0, 0, 0, 0]
7:7:114:Down(1):452:[7, 0, 0, 4, 6, 0, 2, 4, 0, 0, 0, 0, 0, 0, 0, 0, 0, 0, 0, 0]
7:6:117:GetMatch(1):453:[7, 0, 2, 4, 6, 0, 6, 8, 0, 0, 0, 0, 0, 0, 0, 0, 0, 0, 0, 0]
6:7:118:!(scala.actors.Channel@bcc3,Some(samira.procreg.Monitor@bde5)):454:[7, 0, 2, 4, 6, 0, 8, 8, 0, 0, 0, 0, 0, 0, 0, 0, 0, 0, 0, 0]
7:6:119:DeleteEntry(1):455:[7, 0, 2, 4, 6, 0, 8, 10, 0, 0, 0, 0, 0, 0, 0, 0, 0, 0, 0, 0]
6:7:120:!(scala.actors.Channel@bd42,()):456:[7, 0, 2, 4, 6, 0, 10, 10, 0, 0, 0, 0, 0, 0, 0, 0, 0, 0, 0, 0]
6:2:110:!(scala.actors.Channel@bc6a,false):457:[7, 0, 2, 2, 4, 0, 4, 0, 0, 0, 0, 0, 0, 0, 0, 0, 0, 0, 0, 0]
2:7:121:Where(pName):458:[7, 0, 4, 2, 4, 0, 4, 0, 0, 0, 0, 0, 0, 0, 0, 0, 0, 0, 0, 0]
7:6:122:Lookup(pName):459:[7, 0, 4, 4, 6, 0, 10, 13, 0, 0, 0, 0, 0, 0, 0, 0, 0, 0, 0, 0]
6:7:123:!(scala.actors.Channel@bcc3,-1):460:[7, 0, 4, 4, 6, 0, 12, 13, 0, 0, 0, 0, 0, 0, 0, 0, 0, 0, 0, 0]
7:4:124:isProcessAlive(-1):461:[7, 0, 4, 4, 6, 0, 12, 15, 0, 0, 0, 0, 0, 0, 0, 0, 0, 0, 0, 0]
4:7:125:!(scala.actors.Channel@bd42,false):462:[7, 0, 4, 4, 8, 0, 12, 15, 0, 0, 0, 0, 0, 0, 0, 0, 0, 0, 0, 0]
7:2:126:!(scala.actors.Channel@86cc,-1):463:[7, 0, 4, 4, 8, 0, 12, 17, 0, 0, 0, 0, 0, 0, 0, 0, 0, 0, 0, 0]
2:7:127:Audit(pName):464:[7, 0, 6, 4, 8, 0, 12, 17, 0, 0, 0, 0, 0, 0, 0, 0, 0, 0, 0, 0]
7:6:128:Lookup(pName):465:[7, 0, 6, 4, 8, 0, 12, 19, 0, 0, 0, 0, 0, 0, 0, 0, 0, 0, 0, 0]
6:7:129:!(scala.actors.Channel@bde0,-1):466:[7, 0, 6, 4, 8, 0, 14, 19, 0, 0, 0, 0, 0, 0, 0, 0, 0, 0, 0, 0]
7:4:130:isProcessAlive(-1):467:[7, 0, 6, 4, 8, 0, 14, 21, 0, 0, 0, 0, 0, 0, 0, 0, 0, 0, 0, 0]
4:7:131:!(scala.actors.Channel@bcc3,false):468:[7, 0, 6, 4, 10, 0, 14, 21, 0, 0, 0, 0, 0, 0, 0, 0, 0, 0, 0, 0]
7:6:132:DeleteEntry(-1):469:[7, 0, 6, 4, 10, 0, 14, 23, 0, 0, 0, 0, 0, 0, 0, 0, 0, 0, 0, 0]
6:7:133:!(scala.actors.Channel@bd42,()):470:[7, 0, 6, 4, 10, 0, 16, 23, 0, 0, 0, 0, 0, 0, 0, 0, 0, 0, 0, 0]
7:2:134:!(scala.actors.Channel@bc6a,()):471:[7, 0, 6, 4, 10, 0, 16, 25, 0, 0, 0, 0, 0, 0, 0, 0, 0, 0, 0, 0]
2:6:135:InsertNewForward(pName,1):472:[7, 0, 8, 4, 10, 0, 16, 25, 0, 0, 0, 0, 0, 0, 0, 0, 0, 0, 0, 0]
6:2:136:!(scala.actors.Channel@86cc,true):473:[7, 0, 8, 4, 10, 0, 18, 25, 0, 0, 0, 0, 0, 0, 0, 0, 0, 0, 0, 0]
2:7:137:Reg(1):474:[7, 0, 10, 4, 10, 0, 18, 25, 0, 0, 0, 0, 0, 0, 0, 0, 0, 0, 0, 0]
7:4:138:isProcessAlive(1):475:[7, 0, 10, 4, 10, 0, 18, 27, 0, 0, 0, 0, 0, 0, 0, 0, 0, 0, 0, 0]
4:7:139:!(scala.actors.Channel@bde0,false):476:[7, 0, 10, 4, 12, 0, 18, 27, 0, 0, 0, 0, 0, 0, 0, 0, 0, 0, 0, 0]
7:6:141:InsertNewBackward(1,samira.procreg.Monitor@bde5):477:[7, 0, 10, 4, 12, 0, 18, 30, 0, 0, 0, 0, 0, 0, 0, 0, 0, 0, 0, 0]
6:7:142:!(scala.actors.Channel@bd42,true):478:[7, 0, 10, 4, 12, 0, 20, 30, 0, 0, 0, 0, 0, 0, 0, 0, 0, 0, 0, 0]
7:7:140:Down(1):479:[7, 0, 10, 4, 12, 0, 18, 29, 0, 0, 0, 0, 0, 0, 0, 0, 0, 0, 0, 0]
7:6:143:GetMatch(1):480:[7, 0, 10, 4, 12, 0, 20, 33, 0, 0, 0, 0, 0, 0, 0, 0, 0, 0, 0, 0]
6:7:144:!(scala.actors.Channel@bcc3,Some(samira.procreg.Monitor@bde5)):481:[7, 0, 10, 4, 12, 0, 22, 33, 0, 0, 0, 0, 0, 0, 0, 0, 0, 0, 0, 0]
7:6:145:DeleteEntry(1):482:[7, 0, 10, 4, 12, 0, 22, 35, 0, 0, 0, 0, 0, 0, 0, 0, 0, 0, 0, 0]
6:7:146:!(scala.actors.Channel@bd42,()):483:[7, 0, 10, 4, 12, 0, 24, 35, 0, 0, 0, 0, 0, 0, 0, 0, 0, 0, 0, 0]
0:1:104:Register(pName,1):484:[5, 0, 0, 0, 4, 0, 0, 0, 0, 0, 0, 0, 0, 0, 0, 0, 0, 0, 0, 0]
1:6:147:InsertNewForward(pName,1):485:[5, 2, 0, 0, 4, 0, 0, 0, 0, 0, 0, 0, 0, 0, 0, 0, 0, 0, 0, 0]
6:1:148:!(scala.actors.Channel@b35a,true):486:[7, 2, 10, 4, 12, 0, 26, 35, 0, 0, 0, 0, 0, 0, 0, 0, 0, 0, 0, 0]
1:7:149:Reg(1):487:[7, 4, 10, 4, 12, 0, 26, 35, 0, 0, 0, 0, 0, 0, 0, 0, 0, 0, 0, 0]
7:4:150:isProcessAlive(1):488:[7, 4, 10, 4, 12, 0, 26, 38, 0, 0, 0, 0, 0, 0, 0, 0, 0, 0, 0, 0]
4:7:151:!(scala.actors.Channel@bcc3,false):489:[7, 4, 10, 4, 14, 0, 26, 38, 0, 0, 0, 0, 0, 0, 0, 0, 0, 0, 0, 0]
7:6:153:InsertNewBackward(1,samira.procreg.Monitor@bde5):490:[7, 4, 10, 4, 14, 0, 26, 41, 0, 0, 0, 0, 0, 0, 0, 0, 0, 0, 0, 0]
6:7:154:!(scala.actors.Channel@bde0,true):491:[7, 4, 10, 4, 14, 0, 28, 41, 0, 0, 0, 0, 0, 0, 0, 0, 0, 0, 0, 0]
7:7:152:Down(1):492:[7, 4, 10, 4, 14, 0, 26, 40, 0, 0, 0, 0, 0, 0, 0, 0, 0, 0, 0, 0]
7:6:155:GetMatch(1):493:[7, 4, 10, 4, 14, 0, 28, 44, 0, 0, 0, 0, 0, 0, 0, 0, 0, 0, 0, 0]
6:7:156:!(scala.actors.Channel@bd42,Some(samira.procreg.Monitor@bde5)):494:[7, 4, 10, 4, 14, 0, 30, 44, 0, 0, 0, 0, 0, 0, 0, 0, 0, 0, 0, 0]
7:6:157:DeleteEntry(1):495:[7, 4, 10, 4, 14, 0, 30, 46, 0, 0, 0, 0, 0, 0, 0, 0, 0, 0, 0, 0]
6:7:158:!(scala.actors.Channel@bde0,()):496:[7, 4, 10, 4, 14, 0, 32, 46, 0, 0, 0, 0, 0, 0, 0, 0, 0, 0, 0, 0]
##BUG:NO_BUG:15:18sec:59
0:4:100:spawn(pName):0:[1, 0, 0, 0, 0, 0, 0, 0, 0, 0, 0, 0, 0, 0, 0, 0, 0, 0, 0, 0]
4:0:101:!(scala.actors.Channel@ba76,1):1:[1, 0, 0, 0, 2, 0, 0, 0, 0, 0, 0, 0, 0, 0, 0, 0, 0, 0, 0, 0]
0:4:102:kill(1):2:[3, 0, 0, 0, 2, 0, 0, 0, 0, 0, 0, 0, 0, 0, 0, 0, 0, 0, 0, 0]
4:0:103:!(scala.actors.Channel@bfde,()):3:[3, 0, 0, 0, 4, 0, 0, 0, 0, 0, 0, 0, 0, 0, 0, 0, 0, 0, 0, 0]
0:3:106:Register(pName,1):4:[7, 0, 0, 0, 4, 0, 0, 0, 0, 0, 0, 0, 0, 0, 0, 0, 0, 0, 0, 0]
0:1:104:Register(pName,1):5:[5, 0, 0, 0, 4, 0, 0, 0, 0, 0, 0, 0, 0, 0, 0, 0, 0, 0, 0, 0]
3:6:107:InsertNewForward(pName,1):497:[7, 0, 0, 2, 4, 0, 0, 0, 0, 0, 0, 0, 0, 0, 0, 0, 0, 0, 0, 0]
1:6:108:InsertNewForward(pName,1):498:[5, 2, 0, 0, 4, 0, 0, 0, 0, 0, 0, 0, 0, 0, 0, 0, 0, 0, 0, 0]
6:3:109:!(scala.actors.Channel@bf2a,true):499:[7, 0, 0, 2, 4, 0, 2, 0, 0, 0, 0, 0, 0, 0, 0, 0, 0, 0, 0, 0]
3:7:111:Reg(1):500:[7, 0, 0, 4, 4, 0, 2, 0, 0, 0, 0, 0, 0, 0, 0, 0, 0, 0, 0, 0]
7:4:112:isProcessAlive(1):501:[7, 0, 0, 4, 4, 0, 2, 2, 0, 0, 0, 0, 0, 0, 0, 0, 0, 0, 0, 0]
4:7:113:!(scala.actors.Channel@bde0,false):502:[7, 0, 0, 4, 6, 0, 2, 2, 0, 0, 0, 0, 0, 0, 0, 0, 0, 0, 0, 0]
7:6:115:InsertNewBackward(1,samira.procreg.Monitor@bde5):503:[7, 0, 0, 4, 6, 0, 2, 5, 0, 0, 0, 0, 0, 0, 0, 0, 0, 0, 0, 0]
6:7:116:!(scala.actors.Channel@bd42,true):504:[7, 2, 0, 4, 6, 0, 6, 5, 0, 0, 0, 0, 0, 0, 0, 0, 0, 0, 0, 0]
7:7:114:Down(1):505:[7, 0, 0, 4, 6, 0, 2, 4, 0, 0, 0, 0, 0, 0, 0, 0, 0, 0, 0, 0]
7:6:117:GetMatch(1):506:[7, 2, 0, 4, 6, 0, 6, 8, 0, 0, 0, 0, 0, 0, 0, 0, 0, 0, 0, 0]
6:7:118:!(scala.actors.Channel@bcc3,Some(samira.procreg.Monitor@bde5)):507:[7, 2, 0, 4, 6, 0, 8, 8, 0, 0, 0, 0, 0, 0, 0, 0, 0, 0, 0, 0]
7:6:119:DeleteEntry(1):508:[7, 2, 0, 4, 6, 0, 8, 10, 0, 0, 0, 0, 0, 0, 0, 0, 0, 0, 0, 0]
6:7:120:!(scala.actors.Channel@bd42,()):509:[7, 2, 0, 4, 6, 0, 10, 10, 0, 0, 0, 0, 0, 0, 0, 0, 0, 0, 0, 0]
0:2:105:Register(pName,1):510:[6, 0, 0, 0, 4, 0, 0, 0, 0, 0, 0, 0, 0, 0, 0, 0, 0, 0, 0, 0]
2:6:121:InsertNewForward(pName,1):511:[6, 0, 2, 0, 4, 0, 0, 0, 0, 0, 0, 0, 0, 0, 0, 0, 0, 0, 0, 0]
6:2:122:!(scala.actors.Channel@bc6a,true):512:[7, 2, 2, 4, 6, 0, 12, 10, 0, 0, 0, 0, 0, 0, 0, 0, 0, 0, 0, 0]
2:7:123:Reg(1):513:[7, 2, 4, 4, 6, 0, 12, 10, 0, 0, 0, 0, 0, 0, 0, 0, 0, 0, 0, 0]
7:4:124:isProcessAlive(1):514:[7, 2, 4, 4, 6, 0, 12, 13, 0, 0, 0, 0, 0, 0, 0, 0, 0, 0, 0, 0]
4:7:125:!(scala.actors.Channel@bcc3,false):515:[7, 2, 4, 4, 8, 0, 12, 13, 0, 0, 0, 0, 0, 0, 0, 0, 0, 0, 0, 0]
7:6:127:InsertNewBackward(1,samira.procreg.Monitor@bde5):516:[7, 2, 4, 4, 8, 0, 12, 16, 0, 0, 0, 0, 0, 0, 0, 0, 0, 0, 0, 0]
6:7:128:!(scala.actors.Channel@bde0,true):517:[7, 2, 4, 4, 8, 0, 14, 16, 0, 0, 0, 0, 0, 0, 0, 0, 0, 0, 0, 0]
7:7:126:Down(1):518:[7, 2, 4, 4, 8, 0, 12, 15, 0, 0, 0, 0, 0, 0, 0, 0, 0, 0, 0, 0]
7:6:129:GetMatch(1):519:[7, 2, 4, 4, 8, 0, 14, 19, 0, 0, 0, 0, 0, 0, 0, 0, 0, 0, 0, 0]
6:7:130:!(scala.actors.Channel@bd42,Some(samira.procreg.Monitor@bde5)):520:[7, 2, 4, 4, 8, 0, 16, 19, 0, 0, 0, 0, 0, 0, 0, 0, 0, 0, 0, 0]
7:6:131:DeleteEntry(1):521:[7, 2, 4, 4, 8, 0, 16, 21, 0, 0, 0, 0, 0, 0, 0, 0, 0, 0, 0, 0]
6:7:132:!(scala.actors.Channel@bde0,()):522:[7, 2, 4, 4, 8, 0, 18, 21, 0, 0, 0, 0, 0, 0, 0, 0, 0, 0, 0, 0]
6:1:110:!(scala.actors.Channel@b35a,false):523:[7, 2, 0, 2, 4, 0, 4, 0, 0, 0, 0, 0, 0, 0, 0, 0, 0, 0, 0, 0]
1:7:133:Where(pName):524:[7, 4, 0, 2, 4, 0, 4, 0, 0, 0, 0, 0, 0, 0, 0, 0, 0, 0, 0, 0]
7:6:134:Lookup(pName):525:[7, 4, 4, 4, 8, 0, 18, 24, 0, 0, 0, 0, 0, 0, 0, 0, 0, 0, 0, 0]
6:7:135:!(scala.actors.Channel@bd42,-1):526:[7, 4, 4, 4, 8, 0, 20, 24, 0, 0, 0, 0, 0, 0, 0, 0, 0, 0, 0, 0]
7:4:136:isProcessAlive(-1):527:[7, 4, 4, 4, 8, 0, 20, 26, 0, 0, 0, 0, 0, 0, 0, 0, 0, 0, 0, 0]
4:7:137:!(scala.actors.Channel@bde0,false):528:[7, 4, 4, 4, 10, 0, 20, 26, 0, 0, 0, 0, 0, 0, 0, 0, 0, 0, 0, 0]
7:1:138:!(scala.actors.Channel@8034,-1):529:[7, 4, 4, 4, 10, 0, 20, 28, 0, 0, 0, 0, 0, 0, 0, 0, 0, 0, 0, 0]
1:7:139:Audit(pName):530:[7, 6, 4, 4, 10, 0, 20, 28, 0, 0, 0, 0, 0, 0, 0, 0, 0, 0, 0, 0]
7:6:140:Lookup(pName):531:[7, 6, 4, 4, 10, 0, 20, 30, 0, 0, 0, 0, 0, 0, 0, 0, 0, 0, 0, 0]
6:7:141:!(scala.actors.Channel@bcc3,-1):532:[7, 6, 4, 4, 10, 0, 22, 30, 0, 0, 0, 0, 0, 0, 0, 0, 0, 0, 0, 0]
7:4:142:isProcessAlive(-1):533:[7, 6, 4, 4, 10, 0, 22, 32, 0, 0, 0, 0, 0, 0, 0, 0, 0, 0, 0, 0]
4:7:143:!(scala.actors.Channel@bd42,false):534:[7, 6, 4, 4, 12, 0, 22, 32, 0, 0, 0, 0, 0, 0, 0, 0, 0, 0, 0, 0]
7:6:144:DeleteEntry(-1):535:[7, 6, 4, 4, 12, 0, 22, 34, 0, 0, 0, 0, 0, 0, 0, 0, 0, 0, 0, 0]
6:7:145:!(scala.actors.Channel@bde0,()):536:[7, 6, 4, 4, 12, 0, 24, 34, 0, 0, 0, 0, 0, 0, 0, 0, 0, 0, 0, 0]
7:1:146:!(scala.actors.Channel@b35a,()):537:[7, 6, 4, 4, 12, 0, 24, 36, 0, 0, 0, 0, 0, 0, 0, 0, 0, 0, 0, 0]
1:6:147:InsertNewForward(pName,1):538:[7, 8, 4, 4, 12, 0, 24, 36, 0, 0, 0, 0, 0, 0, 0, 0, 0, 0, 0, 0]
6:1:148:!(scala.actors.Channel@8034,true):539:[7, 8, 4, 4, 12, 0, 26, 36, 0, 0, 0, 0, 0, 0, 0, 0, 0, 0, 0, 0]
1:7:149:Reg(1):540:[7, 10, 4, 4, 12, 0, 26, 36, 0, 0, 0, 0, 0, 0, 0, 0, 0, 0, 0, 0]
7:4:150:isProcessAlive(1):541:[7, 10, 4, 4, 12, 0, 26, 38, 0, 0, 0, 0, 0, 0, 0, 0, 0, 0, 0, 0]
4:7:151:!(scala.actors.Channel@bcc3,false):542:[7, 10, 4, 4, 14, 0, 26, 38, 0, 0, 0, 0, 0, 0, 0, 0, 0, 0, 0, 0]
7:6:153:InsertNewBackward(1,samira.procreg.Monitor@bde5):543:[7, 10, 4, 4, 14, 0, 26, 41, 0, 0, 0, 0, 0, 0, 0, 0, 0, 0, 0, 0]
6:7:154:!(scala.actors.Channel@bde0,true):544:[7, 10, 4, 4, 14, 0, 28, 41, 0, 0, 0, 0, 0, 0, 0, 0, 0, 0, 0, 0]
7:7:152:Down(1):545:[7, 10, 4, 4, 14, 0, 26, 40, 0, 0, 0, 0, 0, 0, 0, 0, 0, 0, 0, 0]
7:6:155:GetMatch(1):546:[7, 10, 4, 4, 14, 0, 28, 44, 0, 0, 0, 0, 0, 0, 0, 0, 0, 0, 0, 0]
6:7:156:!(scala.actors.Channel@bd42,Some(samira.procreg.Monitor@bde5)):547:[7, 10, 4, 4, 14, 0, 30, 44, 0, 0, 0, 0, 0, 0, 0, 0, 0, 0, 0, 0]
7:6:157:DeleteEntry(1):548:[7, 10, 4, 4, 14, 0, 30, 46, 0, 0, 0, 0, 0, 0, 0, 0, 0, 0, 0, 0]
6:7:158:!(scala.actors.Channel@bde0,()):549:[7, 10, 4, 4, 14, 0, 32, 46, 0, 0, 0, 0, 0, 0, 0, 0, 0, 0, 0, 0]
