##BUG:NO_BUG:1:2sec:30
0:4:100:spawn(pName):0:[1, 0, 0, 0, 0, 0, 0, 0, 0, 0, 0, 0, 0, 0, 0, 0, 0, 0, 0, 0]
4:0:101:!(scala.actors.Channel@ba76,1):1:[1, 0, 0, 0, 2, 0, 0, 0, 0, 0, 0, 0, 0, 0, 0, 0, 0, 0, 0, 0]
0:4:102:kill(1):2:[3, 0, 0, 0, 2, 0, 0, 0, 0, 0, 0, 0, 0, 0, 0, 0, 0, 0, 0, 0]
4:0:103:!(scala.actors.Channel@b820,()):3:[3, 0, 0, 0, 4, 0, 0, 0, 0, 0, 0, 0, 0, 0, 0, 0, 0, 0, 0, 0]
0:2:105:Register(pName,1):4:[6, 0, 0, 0, 4, 0, 0, 0, 0, 0, 0, 0, 0, 0, 0, 0, 0, 0, 0, 0]
2:6:106:InsertNewForward(pName,1):5:[6, 0, 2, 0, 4, 0, 0, 0, 0, 0, 0, 0, 0, 0, 0, 0, 0, 0, 0, 0]
6:2:107:!(scala.actors.Channel@bf6a,true):6:[6, 0, 2, 0, 4, 0, 2, 0, 0, 0, 0, 0, 0, 0, 0, 0, 0, 0, 0, 0]
2:7:108:Reg(1):7:[6, 0, 4, 0, 4, 0, 2, 0, 0, 0, 0, 0, 0, 0, 0, 0, 0, 0, 0, 0]
7:4:109:isProcessAlive(1):8:[6, 0, 4, 0, 4, 0, 2, 2, 0, 0, 0, 0, 0, 0, 0, 0, 0, 0, 0, 0]
4:7:110:!(scala.actors.Channel@be23,false):9:[6, 0, 4, 0, 6, 0, 2, 2, 0, 0, 0, 0, 0, 0, 0, 0, 0, 0, 0, 0]
7:6:112:InsertNewBackward(1,samira.procreg.Monitor@be24):10:[6, 0, 4, 0, 6, 0, 2, 5, 0, 0, 0, 0, 0, 0, 0, 0, 0, 0, 0, 0]
6:7:113:!(scala.actors.Channel@bd9d,true):11:[6, 0, 4, 0, 6, 0, 4, 5, 0, 0, 0, 0, 0, 0, 0, 0, 0, 0, 0, 0]
7:7:111:Down(1):12:[6, 0, 4, 0, 6, 0, 2, 4, 0, 0, 0, 0, 0, 0, 0, 0, 0, 0, 0, 0]
7:6:114:GetMatch(1):13:[6, 0, 4, 0, 6, 0, 4, 8, 0, 0, 0, 0, 0, 0, 0, 0, 0, 0, 0, 0]
6:7:115:!(scala.actors.Channel@bd02,Some(samira.procreg.Monitor@be24)):14:[6, 0, 4, 0, 6, 0, 6, 8, 0, 0, 0, 0, 0, 0, 0, 0, 0, 0, 0, 0]
7:6:116:DeleteEntry(1):15:[6, 0, 4, 0, 6, 0, 6, 10, 0, 0, 0, 0, 0, 0, 0, 0, 0, 0, 0, 0]
6:7:117:!(scala.actors.Channel@bd9d,()):16:[6, 0, 4, 0, 6, 0, 8, 10, 0, 0, 0, 0, 0, 0, 0, 0, 0, 0, 0, 0]
0:1:104:Register(pName,1):17:[5, 0, 0, 0, 4, 0, 0, 0, 0, 0, 0, 0, 0, 0, 0, 0, 0, 0, 0, 0]
1:6:118:InsertNewForward(pName,1):18:[5, 2, 0, 0, 4, 0, 0, 0, 0, 0, 0, 0, 0, 0, 0, 0, 0, 0, 0, 0]
6:1:119:!(scala.actors.Channel@bca5,true):19:[6, 2, 4, 0, 6, 0, 10, 10, 0, 0, 0, 0, 0, 0, 0, 0, 0, 0, 0, 0]
1:7:120:Reg(1):20:[6, 4, 4, 0, 6, 0, 10, 10, 0, 0, 0, 0, 0, 0, 0, 0, 0, 0, 0, 0]
7:4:121:isProcessAlive(1):21:[6, 4, 4, 0, 6, 0, 10, 13, 0, 0, 0, 0, 0, 0, 0, 0, 0, 0, 0, 0]
4:7:122:!(scala.actors.Channel@bd02,false):22:[6, 4, 4, 0, 8, 0, 10, 13, 0, 0, 0, 0, 0, 0, 0, 0, 0, 0, 0, 0]
7:6:124:InsertNewBackward(1,samira.procreg.Monitor@be24):23:[6, 4, 4, 0, 8, 0, 10, 16, 0, 0, 0, 0, 0, 0, 0, 0, 0, 0, 0, 0]
6:7:125:!(scala.actors.Channel@be23,true):24:[6, 4, 4, 0, 8, 0, 12, 16, 0, 0, 0, 0, 0, 0, 0, 0, 0, 0, 0, 0]
7:7:123:Down(1):25:[6, 4, 4, 0, 8, 0, 10, 15, 0, 0, 0, 0, 0, 0, 0, 0, 0, 0, 0, 0]
7:6:126:GetMatch(1):26:[6, 4, 4, 0, 8, 0, 12, 19, 0, 0, 0, 0, 0, 0, 0, 0, 0, 0, 0, 0]
6:7:127:!(scala.actors.Channel@bd9d,Some(samira.procreg.Monitor@be24)):27:[6, 4, 4, 0, 8, 0, 14, 19, 0, 0, 0, 0, 0, 0, 0, 0, 0, 0, 0, 0]
7:6:128:DeleteEntry(1):28:[6, 4, 4, 0, 8, 0, 14, 21, 0, 0, 0, 0, 0, 0, 0, 0, 0, 0, 0, 0]
6:7:129:!(scala.actors.Channel@be23,()):29:[6, 4, 4, 0, 8, 0, 16, 21, 0, 0, 0, 0, 0, 0, 0, 0, 0, 0, 0, 0]
##BUG:NO_BUG:2:2sec:30
0:4:100:spawn(pName):0:[1, 0, 0, 0, 0, 0, 0, 0, 0, 0, 0, 0, 0, 0, 0, 0, 0, 0, 0, 0]
4:0:101:!(scala.actors.Channel@ba76,1):1:[1, 0, 0, 0, 2, 0, 0, 0, 0, 0, 0, 0, 0, 0, 0, 0, 0, 0, 0, 0]
0:4:102:kill(1):2:[3, 0, 0, 0, 2, 0, 0, 0, 0, 0, 0, 0, 0, 0, 0, 0, 0, 0, 0, 0]
4:0:103:!(scala.actors.Channel@b820,()):3:[3, 0, 0, 0, 4, 0, 0, 0, 0, 0, 0, 0, 0, 0, 0, 0, 0, 0, 0, 0]
0:2:105:Register(pName,1):4:[6, 0, 0, 0, 4, 0, 0, 0, 0, 0, 0, 0, 0, 0, 0, 0, 0, 0, 0, 0]
2:6:106:InsertNewForward(pName,1):5:[6, 0, 2, 0, 4, 0, 0, 0, 0, 0, 0, 0, 0, 0, 0, 0, 0, 0, 0, 0]
6:2:107:!(scala.actors.Channel@bf6a,true):6:[6, 0, 2, 0, 4, 0, 2, 0, 0, 0, 0, 0, 0, 0, 0, 0, 0, 0, 0, 0]
2:7:108:Reg(1):7:[6, 0, 4, 0, 4, 0, 2, 0, 0, 0, 0, 0, 0, 0, 0, 0, 0, 0, 0, 0]
7:4:109:isProcessAlive(1):8:[6, 0, 4, 0, 4, 0, 2, 2, 0, 0, 0, 0, 0, 0, 0, 0, 0, 0, 0, 0]
4:7:110:!(scala.actors.Channel@be23,false):9:[6, 0, 4, 0, 6, 0, 2, 2, 0, 0, 0, 0, 0, 0, 0, 0, 0, 0, 0, 0]
7:6:112:InsertNewBackward(1,samira.procreg.Monitor@be24):10:[6, 0, 4, 0, 6, 0, 2, 5, 0, 0, 0, 0, 0, 0, 0, 0, 0, 0, 0, 0]
6:7:113:!(scala.actors.Channel@bd9d,true):11:[6, 0, 4, 0, 6, 0, 4, 5, 0, 0, 0, 0, 0, 0, 0, 0, 0, 0, 0, 0]
7:7:111:Down(1):12:[6, 0, 4, 0, 6, 0, 2, 4, 0, 0, 0, 0, 0, 0, 0, 0, 0, 0, 0, 0]
7:6:114:GetMatch(1):13:[6, 0, 4, 0, 6, 0, 4, 8, 0, 0, 0, 0, 0, 0, 0, 0, 0, 0, 0, 0]
6:7:115:!(scala.actors.Channel@bd02,Some(samira.procreg.Monitor@be24)):14:[6, 0, 4, 0, 6, 0, 6, 8, 0, 0, 0, 0, 0, 0, 0, 0, 0, 0, 0, 0]
7:6:116:DeleteEntry(1):15:[6, 0, 4, 0, 6, 0, 6, 10, 0, 0, 0, 0, 0, 0, 0, 0, 0, 0, 0, 0]
0:1:104:Register(pName,1):16:[5, 0, 0, 0, 4, 0, 0, 0, 0, 0, 0, 0, 0, 0, 0, 0, 0, 0, 0, 0]
1:6:118:InsertNewForward(pName,1):30:[5, 2, 0, 0, 4, 0, 0, 0, 0, 0, 0, 0, 0, 0, 0, 0, 0, 0, 0, 0]
6:1:119:!(scala.actors.Channel@bca5,true):31:[6, 2, 4, 0, 6, 0, 10, 10, 0, 0, 0, 0, 0, 0, 0, 0, 0, 0, 0, 0]
6:7:117:!(scala.actors.Channel@bd9d,()):32:[6, 0, 4, 0, 6, 0, 8, 10, 0, 0, 0, 0, 0, 0, 0, 0, 0, 0, 0, 0]
1:7:120:Reg(1):33:[6, 4, 4, 0, 6, 0, 10, 10, 0, 0, 0, 0, 0, 0, 0, 0, 0, 0, 0, 0]
7:4:121:isProcessAlive(1):34:[6, 4, 4, 0, 6, 0, 10, 13, 0, 0, 0, 0, 0, 0, 0, 0, 0, 0, 0, 0]
4:7:122:!(scala.actors.Channel@bd02,false):35:[6, 4, 4, 0, 8, 0, 10, 13, 0, 0, 0, 0, 0, 0, 0, 0, 0, 0, 0, 0]
7:6:124:InsertNewBackward(1,samira.procreg.Monitor@be24):36:[6, 4, 4, 0, 8, 0, 10, 16, 0, 0, 0, 0, 0, 0, 0, 0, 0, 0, 0, 0]
6:7:125:!(scala.actors.Channel@be23,true):37:[6, 4, 4, 0, 8, 0, 12, 16, 0, 0, 0, 0, 0, 0, 0, 0, 0, 0, 0, 0]
7:7:123:Down(1):38:[6, 4, 4, 0, 8, 0, 10, 15, 0, 0, 0, 0, 0, 0, 0, 0, 0, 0, 0, 0]
7:6:126:GetMatch(1):39:[6, 4, 4, 0, 8, 0, 12, 19, 0, 0, 0, 0, 0, 0, 0, 0, 0, 0, 0, 0]
6:7:127:!(scala.actors.Channel@bd9d,Some(samira.procreg.Monitor@be24)):40:[6, 4, 4, 0, 8, 0, 14, 19, 0, 0, 0, 0, 0, 0, 0, 0, 0, 0, 0, 0]
7:6:128:DeleteEntry(1):41:[6, 4, 4, 0, 8, 0, 14, 21, 0, 0, 0, 0, 0, 0, 0, 0, 0, 0, 0, 0]
6:7:129:!(scala.actors.Channel@be23,()):42:[6, 4, 4, 0, 8, 0, 16, 21, 0, 0, 0, 0, 0, 0, 0, 0, 0, 0, 0, 0]
##BUG:NO_BUG:3:3sec:46
0:4:100:spawn(pName):0:[1, 0, 0, 0, 0, 0, 0, 0, 0, 0, 0, 0, 0, 0, 0, 0, 0, 0, 0, 0]
4:0:101:!(scala.actors.Channel@ba76,1):1:[1, 0, 0, 0, 2, 0, 0, 0, 0, 0, 0, 0, 0, 0, 0, 0, 0, 0, 0, 0]
0:4:102:kill(1):2:[3, 0, 0, 0, 2, 0, 0, 0, 0, 0, 0, 0, 0, 0, 0, 0, 0, 0, 0, 0]
4:0:103:!(scala.actors.Channel@b820,()):3:[3, 0, 0, 0, 4, 0, 0, 0, 0, 0, 0, 0, 0, 0, 0, 0, 0, 0, 0, 0]
0:2:105:Register(pName,1):4:[6, 0, 0, 0, 4, 0, 0, 0, 0, 0, 0, 0, 0, 0, 0, 0, 0, 0, 0, 0]
2:6:106:InsertNewForward(pName,1):5:[6, 0, 2, 0, 4, 0, 0, 0, 0, 0, 0, 0, 0, 0, 0, 0, 0, 0, 0, 0]
6:2:107:!(scala.actors.Channel@bf6a,true):6:[6, 0, 2, 0, 4, 0, 2, 0, 0, 0, 0, 0, 0, 0, 0, 0, 0, 0, 0, 0]
2:7:108:Reg(1):7:[6, 0, 4, 0, 4, 0, 2, 0, 0, 0, 0, 0, 0, 0, 0, 0, 0, 0, 0, 0]
7:4:109:isProcessAlive(1):8:[6, 0, 4, 0, 4, 0, 2, 2, 0, 0, 0, 0, 0, 0, 0, 0, 0, 0, 0, 0]
4:7:110:!(scala.actors.Channel@be23,false):9:[6, 0, 4, 0, 6, 0, 2, 2, 0, 0, 0, 0, 0, 0, 0, 0, 0, 0, 0, 0]
7:6:112:InsertNewBackward(1,samira.procreg.Monitor@be24):10:[6, 0, 4, 0, 6, 0, 2, 5, 0, 0, 0, 0, 0, 0, 0, 0, 0, 0, 0, 0]
6:7:113:!(scala.actors.Channel@bd9d,true):11:[6, 0, 4, 0, 6, 0, 4, 5, 0, 0, 0, 0, 0, 0, 0, 0, 0, 0, 0, 0]
7:7:111:Down(1):12:[6, 0, 4, 0, 6, 0, 2, 4, 0, 0, 0, 0, 0, 0, 0, 0, 0, 0, 0, 0]
7:6:114:GetMatch(1):13:[6, 0, 4, 0, 6, 0, 4, 8, 0, 0, 0, 0, 0, 0, 0, 0, 0, 0, 0, 0]
6:7:115:!(scala.actors.Channel@bd02,Some(samira.procreg.Monitor@be24)):14:[6, 0, 4, 0, 6, 0, 6, 8, 0, 0, 0, 0, 0, 0, 0, 0, 0, 0, 0, 0]
0:1:104:Register(pName,1):15:[5, 0, 0, 0, 4, 0, 0, 0, 0, 0, 0, 0, 0, 0, 0, 0, 0, 0, 0, 0]
1:6:117:InsertNewForward(pName,1):43:[5, 2, 0, 0, 4, 0, 0, 0, 0, 0, 0, 0, 0, 0, 0, 0, 0, 0, 0, 0]
6:1:118:!(scala.actors.Channel@bca5,false):44:[6, 2, 4, 0, 6, 0, 8, 8, 0, 0, 0, 0, 0, 0, 0, 0, 0, 0, 0, 0]
7:6:116:DeleteEntry(1):45:[6, 0, 4, 0, 6, 0, 6, 10, 0, 0, 0, 0, 0, 0, 0, 0, 0, 0, 0, 0]
6:7:120:!(scala.actors.Channel@bd9d,()):46:[6, 2, 4, 0, 6, 0, 10, 10, 0, 0, 0, 0, 0, 0, 0, 0, 0, 0, 0, 0]
1:7:119:Where(pName):47:[6, 4, 4, 0, 6, 0, 8, 8, 0, 0, 0, 0, 0, 0, 0, 0, 0, 0, 0, 0]
7:6:121:Lookup(pName):48:[6, 4, 4, 0, 6, 0, 10, 13, 0, 0, 0, 0, 0, 0, 0, 0, 0, 0, 0, 0]
6:7:122:!(scala.actors.Channel@bd02,-1):49:[6, 4, 4, 0, 6, 0, 12, 13, 0, 0, 0, 0, 0, 0, 0, 0, 0, 0, 0, 0]
7:4:123:isProcessAlive(-1):50:[6, 4, 4, 0, 6, 0, 12, 15, 0, 0, 0, 0, 0, 0, 0, 0, 0, 0, 0, 0]
4:7:124:!(scala.actors.Channel@bd9d,false):51:[6, 4, 4, 0, 8, 0, 12, 15, 0, 0, 0, 0, 0, 0, 0, 0, 0, 0, 0, 0]
7:1:125:!(scala.actors.Channel@8dd5,-1):52:[6, 4, 4, 0, 8, 0, 12, 17, 0, 0, 0, 0, 0, 0, 0, 0, 0, 0, 0, 0]
1:7:126:Audit(pName):53:[6, 6, 4, 0, 8, 0, 12, 17, 0, 0, 0, 0, 0, 0, 0, 0, 0, 0, 0, 0]
7:6:127:Lookup(pName):54:[6, 6, 4, 0, 8, 0, 12, 19, 0, 0, 0, 0, 0, 0, 0, 0, 0, 0, 0, 0]
6:7:128:!(scala.actors.Channel@be23,-1):55:[6, 6, 4, 0, 8, 0, 14, 19, 0, 0, 0, 0, 0, 0, 0, 0, 0, 0, 0, 0]
7:4:129:isProcessAlive(-1):56:[6, 6, 4, 0, 8, 0, 14, 21, 0, 0, 0, 0, 0, 0, 0, 0, 0, 0, 0, 0]
4:7:130:!(scala.actors.Channel@bd02,false):57:[6, 6, 4, 0, 10, 0, 14, 21, 0, 0, 0, 0, 0, 0, 0, 0, 0, 0, 0, 0]
7:6:131:DeleteEntry(-1):58:[6, 6, 4, 0, 10, 0, 14, 23, 0, 0, 0, 0, 0, 0, 0, 0, 0, 0, 0, 0]
6:7:132:!(scala.actors.Channel@bd9d,()):59:[6, 6, 4, 0, 10, 0, 16, 23, 0, 0, 0, 0, 0, 0, 0, 0, 0, 0, 0, 0]
7:1:133:!(scala.actors.Channel@bca5,()):60:[6, 6, 4, 0, 10, 0, 16, 25, 0, 0, 0, 0, 0, 0, 0, 0, 0, 0, 0, 0]
1:6:134:InsertNewForward(pName,1):61:[6, 8, 4, 0, 10, 0, 16, 25, 0, 0, 0, 0, 0, 0, 0, 0, 0, 0, 0, 0]
6:1:135:!(scala.actors.Channel@8dd5,true):62:[6, 8, 4, 0, 10, 0, 18, 25, 0, 0, 0, 0, 0, 0, 0, 0, 0, 0, 0, 0]
1:7:136:Reg(1):63:[6, 10, 4, 0, 10, 0, 18, 25, 0, 0, 0, 0, 0, 0, 0, 0, 0, 0, 0, 0]
7:4:137:isProcessAlive(1):64:[6, 10, 4, 0, 10, 0, 18, 27, 0, 0, 0, 0, 0, 0, 0, 0, 0, 0, 0, 0]
4:7:138:!(scala.actors.Channel@be23,false):65:[6, 10, 4, 0, 12, 0, 18, 27, 0, 0, 0, 0, 0, 0, 0, 0, 0, 0, 0, 0]
7:6:140:InsertNewBackward(1,samira.procreg.Monitor@be24):66:[6, 10, 4, 0, 12, 0, 18, 30, 0, 0, 0, 0, 0, 0, 0, 0, 0, 0, 0, 0]
6:7:141:!(scala.actors.Channel@bd9d,true):67:[6, 10, 4, 0, 12, 0, 20, 30, 0, 0, 0, 0, 0, 0, 0, 0, 0, 0, 0, 0]
7:7:139:Down(1):68:[6, 10, 4, 0, 12, 0, 18, 29, 0, 0, 0, 0, 0, 0, 0, 0, 0, 0, 0, 0]
7:6:142:GetMatch(1):69:[6, 10, 4, 0, 12, 0, 20, 33, 0, 0, 0, 0, 0, 0, 0, 0, 0, 0, 0, 0]
6:7:143:!(scala.actors.Channel@bd02,Some(samira.procreg.Monitor@be24)):70:[6, 10, 4, 0, 12, 0, 22, 33, 0, 0, 0, 0, 0, 0, 0, 0, 0, 0, 0, 0]
7:6:144:DeleteEntry(1):71:[6, 10, 4, 0, 12, 0, 22, 35, 0, 0, 0, 0, 0, 0, 0, 0, 0, 0, 0, 0]
6:7:145:!(scala.actors.Channel@bd9d,()):72:[6, 10, 4, 0, 12, 0, 24, 35, 0, 0, 0, 0, 0, 0, 0, 0, 0, 0, 0, 0]
##BUG:NO_BUG:4:4sec:46
0:4:100:spawn(pName):0:[1, 0, 0, 0, 0, 0, 0, 0, 0, 0, 0, 0, 0, 0, 0, 0, 0, 0, 0, 0]
4:0:101:!(scala.actors.Channel@ba76,1):1:[1, 0, 0, 0, 2, 0, 0, 0, 0, 0, 0, 0, 0, 0, 0, 0, 0, 0, 0, 0]
0:4:102:kill(1):2:[3, 0, 0, 0, 2, 0, 0, 0, 0, 0, 0, 0, 0, 0, 0, 0, 0, 0, 0, 0]
4:0:103:!(scala.actors.Channel@b820,()):3:[3, 0, 0, 0, 4, 0, 0, 0, 0, 0, 0, 0, 0, 0, 0, 0, 0, 0, 0, 0]
0:2:105:Register(pName,1):4:[6, 0, 0, 0, 4, 0, 0, 0, 0, 0, 0, 0, 0, 0, 0, 0, 0, 0, 0, 0]
2:6:106:InsertNewForward(pName,1):5:[6, 0, 2, 0, 4, 0, 0, 0, 0, 0, 0, 0, 0, 0, 0, 0, 0, 0, 0, 0]
6:2:107:!(scala.actors.Channel@bf6a,true):6:[6, 0, 2, 0, 4, 0, 2, 0, 0, 0, 0, 0, 0, 0, 0, 0, 0, 0, 0, 0]
2:7:108:Reg(1):7:[6, 0, 4, 0, 4, 0, 2, 0, 0, 0, 0, 0, 0, 0, 0, 0, 0, 0, 0, 0]
7:4:109:isProcessAlive(1):8:[6, 0, 4, 0, 4, 0, 2, 2, 0, 0, 0, 0, 0, 0, 0, 0, 0, 0, 0, 0]
4:7:110:!(scala.actors.Channel@be23,false):9:[6, 0, 4, 0, 6, 0, 2, 2, 0, 0, 0, 0, 0, 0, 0, 0, 0, 0, 0, 0]
7:6:112:InsertNewBackward(1,samira.procreg.Monitor@be24):10:[6, 0, 4, 0, 6, 0, 2, 5, 0, 0, 0, 0, 0, 0, 0, 0, 0, 0, 0, 0]
6:7:113:!(scala.actors.Channel@bd9d,true):11:[6, 0, 4, 0, 6, 0, 4, 5, 0, 0, 0, 0, 0, 0, 0, 0, 0, 0, 0, 0]
7:7:111:Down(1):12:[6, 0, 4, 0, 6, 0, 2, 4, 0, 0, 0, 0, 0, 0, 0, 0, 0, 0, 0, 0]
7:6:114:GetMatch(1):13:[6, 0, 4, 0, 6, 0, 4, 8, 0, 0, 0, 0, 0, 0, 0, 0, 0, 0, 0, 0]
0:1:104:Register(pName,1):14:[5, 0, 0, 0, 4, 0, 0, 0, 0, 0, 0, 0, 0, 0, 0, 0, 0, 0, 0, 0]
1:6:116:InsertNewForward(pName,1):73:[5, 2, 0, 0, 4, 0, 0, 0, 0, 0, 0, 0, 0, 0, 0, 0, 0, 0, 0, 0]
6:1:117:!(scala.actors.Channel@bca5,false):74:[6, 2, 4, 0, 6, 0, 8, 8, 0, 0, 0, 0, 0, 0, 0, 0, 0, 0, 0, 0]
6:7:115:!(scala.actors.Channel@bd02,Some(samira.procreg.Monitor@be24)):75:[6, 0, 4, 0, 6, 0, 6, 8, 0, 0, 0, 0, 0, 0, 0, 0, 0, 0, 0, 0]
7:6:119:DeleteEntry(1):76:[6, 0, 4, 0, 6, 0, 6, 10, 0, 0, 0, 0, 0, 0, 0, 0, 0, 0, 0, 0]
6:7:120:!(scala.actors.Channel@bd9d,()):77:[6, 2, 4, 0, 6, 0, 10, 10, 0, 0, 0, 0, 0, 0, 0, 0, 0, 0, 0, 0]
1:7:118:Where(pName):78:[6, 4, 4, 0, 6, 0, 8, 8, 0, 0, 0, 0, 0, 0, 0, 0, 0, 0, 0, 0]
7:6:121:Lookup(pName):79:[6, 4, 4, 0, 6, 0, 10, 13, 0, 0, 0, 0, 0, 0, 0, 0, 0, 0, 0, 0]
6:7:122:!(scala.actors.Channel@bd02,-1):80:[6, 4, 4, 0, 6, 0, 12, 13, 0, 0, 0, 0, 0, 0, 0, 0, 0, 0, 0, 0]
7:4:123:isProcessAlive(-1):81:[6, 4, 4, 0, 6, 0, 12, 15, 0, 0, 0, 0, 0, 0, 0, 0, 0, 0, 0, 0]
4:7:124:!(scala.actors.Channel@bd9d,false):82:[6, 4, 4, 0, 8, 0, 12, 15, 0, 0, 0, 0, 0, 0, 0, 0, 0, 0, 0, 0]
7:1:125:!(scala.actors.Channel@8dd5,-1):83:[6, 4, 4, 0, 8, 0, 12, 17, 0, 0, 0, 0, 0, 0, 0, 0, 0, 0, 0, 0]
1:7:126:Audit(pName):84:[6, 6, 4, 0, 8, 0, 12, 17, 0, 0, 0, 0, 0, 0, 0, 0, 0, 0, 0, 0]
7:6:127:Lookup(pName):85:[6, 6, 4, 0, 8, 0, 12, 19, 0, 0, 0, 0, 0, 0, 0, 0, 0, 0, 0, 0]
6:7:128:!(scala.actors.Channel@be23,-1):86:[6, 6, 4, 0, 8, 0, 14, 19, 0, 0, 0, 0, 0, 0, 0, 0, 0, 0, 0, 0]
7:4:129:isProcessAlive(-1):87:[6, 6, 4, 0, 8, 0, 14, 21, 0, 0, 0, 0, 0, 0, 0, 0, 0, 0, 0, 0]
4:7:130:!(scala.actors.Channel@bd02,false):88:[6, 6, 4, 0, 10, 0, 14, 21, 0, 0, 0, 0, 0, 0, 0, 0, 0, 0, 0, 0]
7:6:131:DeleteEntry(-1):89:[6, 6, 4, 0, 10, 0, 14, 23, 0, 0, 0, 0, 0, 0, 0, 0, 0, 0, 0, 0]
6:7:132:!(scala.actors.Channel@bd9d,()):90:[6, 6, 4, 0, 10, 0, 16, 23, 0, 0, 0, 0, 0, 0, 0, 0, 0, 0, 0, 0]
7:1:133:!(scala.actors.Channel@bca5,()):91:[6, 6, 4, 0, 10, 0, 16, 25, 0, 0, 0, 0, 0, 0, 0, 0, 0, 0, 0, 0]
1:6:134:InsertNewForward(pName,1):92:[6, 8, 4, 0, 10, 0, 16, 25, 0, 0, 0, 0, 0, 0, 0, 0, 0, 0, 0, 0]
6:1:135:!(scala.actors.Channel@8dd5,true):93:[6, 8, 4, 0, 10, 0, 18, 25, 0, 0, 0, 0, 0, 0, 0, 0, 0, 0, 0, 0]
1:7:136:Reg(1):94:[6, 10, 4, 0, 10, 0, 18, 25, 0, 0, 0, 0, 0, 0, 0, 0, 0, 0, 0, 0]
7:4:137:isProcessAlive(1):95:[6, 10, 4, 0, 10, 0, 18, 27, 0, 0, 0, 0, 0, 0, 0, 0, 0, 0, 0, 0]
4:7:138:!(scala.actors.Channel@be23,false):96:[6, 10, 4, 0, 12, 0, 18, 27, 0, 0, 0, 0, 0, 0, 0, 0, 0, 0, 0, 0]
7:6:140:InsertNewBackward(1,samira.procreg.Monitor@be24):97:[6, 10, 4, 0, 12, 0, 18, 30, 0, 0, 0, 0, 0, 0, 0, 0, 0, 0, 0, 0]
6:7:141:!(scala.actors.Channel@bd9d,true):98:[6, 10, 4, 0, 12, 0, 20, 30, 0, 0, 0, 0, 0, 0, 0, 0, 0, 0, 0, 0]
7:7:139:Down(1):99:[6, 10, 4, 0, 12, 0, 18, 29, 0, 0, 0, 0, 0, 0, 0, 0, 0, 0, 0, 0]
7:6:142:GetMatch(1):100:[6, 10, 4, 0, 12, 0, 20, 33, 0, 0, 0, 0, 0, 0, 0, 0, 0, 0, 0, 0]
6:7:143:!(scala.actors.Channel@bd02,Some(samira.procreg.Monitor@be24)):101:[6, 10, 4, 0, 12, 0, 22, 33, 0, 0, 0, 0, 0, 0, 0, 0, 0, 0, 0, 0]
7:6:144:DeleteEntry(1):102:[6, 10, 4, 0, 12, 0, 22, 35, 0, 0, 0, 0, 0, 0, 0, 0, 0, 0, 0, 0]
6:7:145:!(scala.actors.Channel@bd9d,()):103:[6, 10, 4, 0, 12, 0, 24, 35, 0, 0, 0, 0, 0, 0, 0, 0, 0, 0, 0, 0]
##BUG:NO_BUG:5:5sec:46
0:4:100:spawn(pName):0:[1, 0, 0, 0, 0, 0, 0, 0, 0, 0, 0, 0, 0, 0, 0, 0, 0, 0, 0, 0]
4:0:101:!(scala.actors.Channel@ba76,1):1:[1, 0, 0, 0, 2, 0, 0, 0, 0, 0, 0, 0, 0, 0, 0, 0, 0, 0, 0, 0]
0:4:102:kill(1):2:[3, 0, 0, 0, 2, 0, 0, 0, 0, 0, 0, 0, 0, 0, 0, 0, 0, 0, 0, 0]
4:0:103:!(scala.actors.Channel@b820,()):3:[3, 0, 0, 0, 4, 0, 0, 0, 0, 0, 0, 0, 0, 0, 0, 0, 0, 0, 0, 0]
0:2:105:Register(pName,1):4:[6, 0, 0, 0, 4, 0, 0, 0, 0, 0, 0, 0, 0, 0, 0, 0, 0, 0, 0, 0]
2:6:106:InsertNewForward(pName,1):5:[6, 0, 2, 0, 4, 0, 0, 0, 0, 0, 0, 0, 0, 0, 0, 0, 0, 0, 0, 0]
6:2:107:!(scala.actors.Channel@bf6a,true):6:[6, 0, 2, 0, 4, 0, 2, 0, 0, 0, 0, 0, 0, 0, 0, 0, 0, 0, 0, 0]
2:7:108:Reg(1):7:[6, 0, 4, 0, 4, 0, 2, 0, 0, 0, 0, 0, 0, 0, 0, 0, 0, 0, 0, 0]
7:4:109:isProcessAlive(1):8:[6, 0, 4, 0, 4, 0, 2, 2, 0, 0, 0, 0, 0, 0, 0, 0, 0, 0, 0, 0]
4:7:110:!(scala.actors.Channel@be23,false):9:[6, 0, 4, 0, 6, 0, 2, 2, 0, 0, 0, 0, 0, 0, 0, 0, 0, 0, 0, 0]
7:6:112:InsertNewBackward(1,samira.procreg.Monitor@be24):10:[6, 0, 4, 0, 6, 0, 2, 5, 0, 0, 0, 0, 0, 0, 0, 0, 0, 0, 0, 0]
6:7:113:!(scala.actors.Channel@bd9d,true):11:[6, 0, 4, 0, 6, 0, 4, 5, 0, 0, 0, 0, 0, 0, 0, 0, 0, 0, 0, 0]
7:7:111:Down(1):12:[6, 0, 4, 0, 6, 0, 2, 4, 0, 0, 0, 0, 0, 0, 0, 0, 0, 0, 0, 0]
0:1:104:Register(pName,1):13:[5, 0, 0, 0, 4, 0, 0, 0, 0, 0, 0, 0, 0, 0, 0, 0, 0, 0, 0, 0]
1:6:115:InsertNewForward(pName,1):104:[5, 2, 0, 0, 4, 0, 0, 0, 0, 0, 0, 0, 0, 0, 0, 0, 0, 0, 0, 0]
6:1:116:!(scala.actors.Channel@bca5,false):105:[6, 2, 4, 0, 6, 0, 6, 5, 0, 0, 0, 0, 0, 0, 0, 0, 0, 0, 0, 0]
7:6:114:GetMatch(1):106:[6, 0, 4, 0, 6, 0, 4, 8, 0, 0, 0, 0, 0, 0, 0, 0, 0, 0, 0, 0]
6:7:118:!(scala.actors.Channel@bd02,Some(samira.procreg.Monitor@be24)):107:[6, 2, 4, 0, 6, 0, 8, 8, 0, 0, 0, 0, 0, 0, 0, 0, 0, 0, 0, 0]
7:6:119:DeleteEntry(1):108:[6, 2, 4, 0, 6, 0, 8, 10, 0, 0, 0, 0, 0, 0, 0, 0, 0, 0, 0, 0]
6:7:120:!(scala.actors.Channel@bd9d,()):109:[6, 2, 4, 0, 6, 0, 10, 10, 0, 0, 0, 0, 0, 0, 0, 0, 0, 0, 0, 0]
1:7:117:Where(pName):110:[6, 4, 4, 0, 6, 0, 6, 5, 0, 0, 0, 0, 0, 0, 0, 0, 0, 0, 0, 0]
7:6:121:Lookup(pName):111:[6, 4, 4, 0, 6, 0, 10, 13, 0, 0, 0, 0, 0, 0, 0, 0, 0, 0, 0, 0]
6:7:122:!(scala.actors.Channel@bd02,-1):112:[6, 4, 4, 0, 6, 0, 12, 13, 0, 0, 0, 0, 0, 0, 0, 0, 0, 0, 0, 0]
7:4:123:isProcessAlive(-1):113:[6, 4, 4, 0, 6, 0, 12, 15, 0, 0, 0, 0, 0, 0, 0, 0, 0, 0, 0, 0]
4:7:124:!(scala.actors.Channel@bd9d,false):114:[6, 4, 4, 0, 8, 0, 12, 15, 0, 0, 0, 0, 0, 0, 0, 0, 0, 0, 0, 0]
7:1:125:!(scala.actors.Channel@8dd5,-1):115:[6, 4, 4, 0, 8, 0, 12, 17, 0, 0, 0, 0, 0, 0, 0, 0, 0, 0, 0, 0]
1:7:126:Audit(pName):116:[6, 6, 4, 0, 8, 0, 12, 17, 0, 0, 0, 0, 0, 0, 0, 0, 0, 0, 0, 0]
7:6:127:Lookup(pName):117:[6, 6, 4, 0, 8, 0, 12, 19, 0, 0, 0, 0, 0, 0, 0, 0, 0, 0, 0, 0]
6:7:128:!(scala.actors.Channel@be23,-1):118:[6, 6, 4, 0, 8, 0, 14, 19, 0, 0, 0, 0, 0, 0, 0, 0, 0, 0, 0, 0]
7:4:129:isProcessAlive(-1):119:[6, 6, 4, 0, 8, 0, 14, 21, 0, 0, 0, 0, 0, 0, 0, 0, 0, 0, 0, 0]
4:7:130:!(scala.actors.Channel@bd02,false):120:[6, 6, 4, 0, 10, 0, 14, 21, 0, 0, 0, 0, 0, 0, 0, 0, 0, 0, 0, 0]
7:6:131:DeleteEntry(-1):121:[6, 6, 4, 0, 10, 0, 14, 23, 0, 0, 0, 0, 0, 0, 0, 0, 0, 0, 0, 0]
6:7:132:!(scala.actors.Channel@bd9d,()):122:[6, 6, 4, 0, 10, 0, 16, 23, 0, 0, 0, 0, 0, 0, 0, 0, 0, 0, 0, 0]
7:1:133:!(scala.actors.Channel@bca5,()):123:[6, 6, 4, 0, 10, 0, 16, 25, 0, 0, 0, 0, 0, 0, 0, 0, 0, 0, 0, 0]
1:6:134:InsertNewForward(pName,1):124:[6, 8, 4, 0, 10, 0, 16, 25, 0, 0, 0, 0, 0, 0, 0, 0, 0, 0, 0, 0]
6:1:135:!(scala.actors.Channel@8dd5,true):125:[6, 8, 4, 0, 10, 0, 18, 25, 0, 0, 0, 0, 0, 0, 0, 0, 0, 0, 0, 0]
1:7:136:Reg(1):126:[6, 10, 4, 0, 10, 0, 18, 25, 0, 0, 0, 0, 0, 0, 0, 0, 0, 0, 0, 0]
7:4:137:isProcessAlive(1):127:[6, 10, 4, 0, 10, 0, 18, 27, 0, 0, 0, 0, 0, 0, 0, 0, 0, 0, 0, 0]
4:7:138:!(scala.actors.Channel@be23,false):128:[6, 10, 4, 0, 12, 0, 18, 27, 0, 0, 0, 0, 0, 0, 0, 0, 0, 0, 0, 0]
7:6:140:InsertNewBackward(1,samira.procreg.Monitor@be24):129:[6, 10, 4, 0, 12, 0, 18, 30, 0, 0, 0, 0, 0, 0, 0, 0, 0, 0, 0, 0]
6:7:141:!(scala.actors.Channel@bd9d,true):130:[6, 10, 4, 0, 12, 0, 20, 30, 0, 0, 0, 0, 0, 0, 0, 0, 0, 0, 0, 0]
7:7:139:Down(1):131:[6, 10, 4, 0, 12, 0, 18, 29, 0, 0, 0, 0, 0, 0, 0, 0, 0, 0, 0, 0]
7:6:142:GetMatch(1):132:[6, 10, 4, 0, 12, 0, 20, 33, 0, 0, 0, 0, 0, 0, 0, 0, 0, 0, 0, 0]
6:7:143:!(scala.actors.Channel@bd02,Some(samira.procreg.Monitor@be24)):133:[6, 10, 4, 0, 12, 0, 22, 33, 0, 0, 0, 0, 0, 0, 0, 0, 0, 0, 0, 0]
7:6:144:DeleteEntry(1):134:[6, 10, 4, 0, 12, 0, 22, 35, 0, 0, 0, 0, 0, 0, 0, 0, 0, 0, 0, 0]
6:7:145:!(scala.actors.Channel@bd9d,()):135:[6, 10, 4, 0, 12, 0, 24, 35, 0, 0, 0, 0, 0, 0, 0, 0, 0, 0, 0, 0]
##BUG:NO_BUG:6:6sec:44
0:4:100:spawn(pName):0:[1, 0, 0, 0, 0, 0, 0, 0, 0, 0, 0, 0, 0, 0, 0, 0, 0, 0, 0, 0]
4:0:101:!(scala.actors.Channel@ba76,1):1:[1, 0, 0, 0, 2, 0, 0, 0, 0, 0, 0, 0, 0, 0, 0, 0, 0, 0, 0, 0]
0:4:102:kill(1):2:[3, 0, 0, 0, 2, 0, 0, 0, 0, 0, 0, 0, 0, 0, 0, 0, 0, 0, 0, 0]
4:0:103:!(scala.actors.Channel@b820,()):3:[3, 0, 0, 0, 4, 0, 0, 0, 0, 0, 0, 0, 0, 0, 0, 0, 0, 0, 0, 0]
0:2:105:Register(pName,1):4:[6, 0, 0, 0, 4, 0, 0, 0, 0, 0, 0, 0, 0, 0, 0, 0, 0, 0, 0, 0]
2:6:106:InsertNewForward(pName,1):5:[6, 0, 2, 0, 4, 0, 0, 0, 0, 0, 0, 0, 0, 0, 0, 0, 0, 0, 0, 0]
6:2:107:!(scala.actors.Channel@bf6a,true):6:[6, 0, 2, 0, 4, 0, 2, 0, 0, 0, 0, 0, 0, 0, 0, 0, 0, 0, 0, 0]
2:7:108:Reg(1):7:[6, 0, 4, 0, 4, 0, 2, 0, 0, 0, 0, 0, 0, 0, 0, 0, 0, 0, 0, 0]
7:4:109:isProcessAlive(1):8:[6, 0, 4, 0, 4, 0, 2, 2, 0, 0, 0, 0, 0, 0, 0, 0, 0, 0, 0, 0]
4:7:110:!(scala.actors.Channel@be23,false):9:[6, 0, 4, 0, 6, 0, 2, 2, 0, 0, 0, 0, 0, 0, 0, 0, 0, 0, 0, 0]
7:6:112:InsertNewBackward(1,samira.procreg.Monitor@be24):10:[6, 0, 4, 0, 6, 0, 2, 5, 0, 0, 0, 0, 0, 0, 0, 0, 0, 0, 0, 0]
6:7:113:!(scala.actors.Channel@bd9d,true):11:[6, 0, 4, 0, 6, 0, 4, 5, 0, 0, 0, 0, 0, 0, 0, 0, 0, 0, 0, 0]
0:1:104:Register(pName,1):12:[5, 0, 0, 0, 4, 0, 0, 0, 0, 0, 0, 0, 0, 0, 0, 0, 0, 0, 0, 0]
1:6:114:InsertNewForward(pName,1):136:[5, 2, 0, 0, 4, 0, 0, 0, 0, 0, 0, 0, 0, 0, 0, 0, 0, 0, 0, 0]
6:1:115:!(scala.actors.Channel@bca5,false):137:[6, 2, 4, 0, 6, 0, 6, 5, 0, 0, 0, 0, 0, 0, 0, 0, 0, 0, 0, 0]
1:7:116:Where(pName):138:[6, 4, 4, 0, 6, 0, 6, 5, 0, 0, 0, 0, 0, 0, 0, 0, 0, 0, 0, 0]
7:6:117:Lookup(pName):139:[6, 4, 4, 0, 6, 0, 6, 8, 0, 0, 0, 0, 0, 0, 0, 0, 0, 0, 0, 0]
6:7:118:!(scala.actors.Channel@bd02,1):140:[6, 4, 4, 0, 6, 0, 8, 8, 0, 0, 0, 0, 0, 0, 0, 0, 0, 0, 0, 0]
7:4:119:isProcessAlive(1):141:[6, 4, 4, 0, 6, 0, 8, 10, 0, 0, 0, 0, 0, 0, 0, 0, 0, 0, 0, 0]
4:7:120:!(scala.actors.Channel@bd9d,false):142:[6, 4, 4, 0, 8, 0, 8, 10, 0, 0, 0, 0, 0, 0, 0, 0, 0, 0, 0, 0]
7:1:121:!(scala.actors.Channel@8dd5,-1):143:[6, 4, 4, 0, 8, 0, 8, 12, 0, 0, 0, 0, 0, 0, 0, 0, 0, 0, 0, 0]
1:7:122:Audit(pName):144:[6, 6, 4, 0, 8, 0, 8, 12, 0, 0, 0, 0, 0, 0, 0, 0, 0, 0, 0, 0]
7:6:123:Lookup(pName):145:[6, 6, 4, 0, 8, 0, 8, 14, 0, 0, 0, 0, 0, 0, 0, 0, 0, 0, 0, 0]
6:7:124:!(scala.actors.Channel@be23,1):146:[6, 6, 4, 0, 8, 0, 10, 14, 0, 0, 0, 0, 0, 0, 0, 0, 0, 0, 0, 0]
7:4:125:isProcessAlive(1):147:[6, 6, 4, 0, 8, 0, 10, 16, 0, 0, 0, 0, 0, 0, 0, 0, 0, 0, 0, 0]
4:7:126:!(scala.actors.Channel@bd02,false):148:[6, 6, 4, 0, 10, 0, 10, 16, 0, 0, 0, 0, 0, 0, 0, 0, 0, 0, 0, 0]
7:6:127:DeleteEntry(1):149:[6, 6, 4, 0, 10, 0, 10, 18, 0, 0, 0, 0, 0, 0, 0, 0, 0, 0, 0, 0]
6:7:128:!(scala.actors.Channel@bd9d,()):150:[6, 6, 4, 0, 10, 0, 12, 18, 0, 0, 0, 0, 0, 0, 0, 0, 0, 0, 0, 0]
7:1:129:!(scala.actors.Channel@bca5,()):151:[6, 6, 4, 0, 10, 0, 12, 20, 0, 0, 0, 0, 0, 0, 0, 0, 0, 0, 0, 0]
1:6:130:InsertNewForward(pName,1):152:[6, 8, 4, 0, 10, 0, 12, 20, 0, 0, 0, 0, 0, 0, 0, 0, 0, 0, 0, 0]
6:1:131:!(scala.actors.Channel@8dd5,true):153:[6, 8, 4, 0, 10, 0, 14, 20, 0, 0, 0, 0, 0, 0, 0, 0, 0, 0, 0, 0]
1:7:132:Reg(1):154:[6, 10, 4, 0, 10, 0, 14, 20, 0, 0, 0, 0, 0, 0, 0, 0, 0, 0, 0, 0]
7:4:133:isProcessAlive(1):155:[6, 10, 4, 0, 10, 0, 14, 22, 0, 0, 0, 0, 0, 0, 0, 0, 0, 0, 0, 0]
4:7:134:!(scala.actors.Channel@be23,false):156:[6, 10, 4, 0, 12, 0, 14, 22, 0, 0, 0, 0, 0, 0, 0, 0, 0, 0, 0, 0]
7:6:136:InsertNewBackward(1,samira.procreg.Monitor@be24):157:[6, 10, 4, 0, 12, 0, 14, 25, 0, 0, 0, 0, 0, 0, 0, 0, 0, 0, 0, 0]
6:7:137:!(scala.actors.Channel@bd9d,true):158:[6, 10, 4, 0, 12, 0, 16, 25, 0, 0, 0, 0, 0, 0, 0, 0, 0, 0, 0, 0]
7:7:135:Down(1):159:[6, 10, 4, 0, 12, 0, 14, 24, 0, 0, 0, 0, 0, 0, 0, 0, 0, 0, 0, 0]
7:6:138:GetMatch(1):160:[6, 10, 4, 0, 12, 0, 16, 28, 0, 0, 0, 0, 0, 0, 0, 0, 0, 0, 0, 0]
6:7:139:!(scala.actors.Channel@bd02,Some(samira.procreg.Monitor@be24)):161:[6, 10, 4, 0, 12, 0, 18, 28, 0, 0, 0, 0, 0, 0, 0, 0, 0, 0, 0, 0]
7:6:140:DeleteEntry(1):162:[6, 10, 4, 0, 12, 0, 18, 30, 0, 0, 0, 0, 0, 0, 0, 0, 0, 0, 0, 0]
6:7:141:!(scala.actors.Channel@bd9d,()):163:[6, 10, 4, 0, 12, 0, 20, 30, 0, 0, 0, 0, 0, 0, 0, 0, 0, 0, 0, 0]
7:7:111:Down(1):164:[6, 0, 4, 0, 6, 0, 2, 4, 0, 0, 0, 0, 0, 0, 0, 0, 0, 0, 0, 0]
7:6:142:GetMatch(1):165:[6, 10, 4, 0, 12, 0, 20, 33, 0, 0, 0, 0, 0, 0, 0, 0, 0, 0, 0, 0]
6:7:143:!(scala.actors.Channel@bd02,None):166:[6, 10, 4, 0, 12, 0, 22, 33, 0, 0, 0, 0, 0, 0, 0, 0, 0, 0, 0, 0]
##BUG:NO_BUG:7:7sec:44
0:4:100:spawn(pName):0:[1, 0, 0, 0, 0, 0, 0, 0, 0, 0, 0, 0, 0, 0, 0, 0, 0, 0, 0, 0]
4:0:101:!(scala.actors.Channel@ba76,1):1:[1, 0, 0, 0, 2, 0, 0, 0, 0, 0, 0, 0, 0, 0, 0, 0, 0, 0, 0, 0]
0:4:102:kill(1):2:[3, 0, 0, 0, 2, 0, 0, 0, 0, 0, 0, 0, 0, 0, 0, 0, 0, 0, 0, 0]
4:0:103:!(scala.actors.Channel@b820,()):3:[3, 0, 0, 0, 4, 0, 0, 0, 0, 0, 0, 0, 0, 0, 0, 0, 0, 0, 0, 0]
0:2:105:Register(pName,1):4:[6, 0, 0, 0, 4, 0, 0, 0, 0, 0, 0, 0, 0, 0, 0, 0, 0, 0, 0, 0]
2:6:106:InsertNewForward(pName,1):5:[6, 0, 2, 0, 4, 0, 0, 0, 0, 0, 0, 0, 0, 0, 0, 0, 0, 0, 0, 0]
6:2:107:!(scala.actors.Channel@bf6a,true):6:[6, 0, 2, 0, 4, 0, 2, 0, 0, 0, 0, 0, 0, 0, 0, 0, 0, 0, 0, 0]
2:7:108:Reg(1):7:[6, 0, 4, 0, 4, 0, 2, 0, 0, 0, 0, 0, 0, 0, 0, 0, 0, 0, 0, 0]
7:4:109:isProcessAlive(1):8:[6, 0, 4, 0, 4, 0, 2, 2, 0, 0, 0, 0, 0, 0, 0, 0, 0, 0, 0, 0]
4:7:110:!(scala.actors.Channel@be23,false):9:[6, 0, 4, 0, 6, 0, 2, 2, 0, 0, 0, 0, 0, 0, 0, 0, 0, 0, 0, 0]
7:6:112:InsertNewBackward(1,samira.procreg.Monitor@be24):10:[6, 0, 4, 0, 6, 0, 2, 5, 0, 0, 0, 0, 0, 0, 0, 0, 0, 0, 0, 0]
0:1:104:Register(pName,1):11:[5, 0, 0, 0, 4, 0, 0, 0, 0, 0, 0, 0, 0, 0, 0, 0, 0, 0, 0, 0]
1:6:114:InsertNewForward(pName,1):167:[5, 2, 0, 0, 4, 0, 0, 0, 0, 0, 0, 0, 0, 0, 0, 0, 0, 0, 0, 0]
6:1:115:!(scala.actors.Channel@bca5,false):168:[6, 2, 4, 0, 6, 0, 6, 5, 0, 0, 0, 0, 0, 0, 0, 0, 0, 0, 0, 0]
6:7:113:!(scala.actors.Channel@bd9d,true):169:[6, 0, 4, 0, 6, 0, 4, 5, 0, 0, 0, 0, 0, 0, 0, 0, 0, 0, 0, 0]
1:7:116:Where(pName):170:[6, 4, 4, 0, 6, 0, 6, 5, 0, 0, 0, 0, 0, 0, 0, 0, 0, 0, 0, 0]
7:6:117:Lookup(pName):171:[6, 4, 4, 0, 6, 0, 6, 8, 0, 0, 0, 0, 0, 0, 0, 0, 0, 0, 0, 0]
6:7:118:!(scala.actors.Channel@bd02,1):172:[6, 4, 4, 0, 6, 0, 8, 8, 0, 0, 0, 0, 0, 0, 0, 0, 0, 0, 0, 0]
7:4:119:isProcessAlive(1):173:[6, 4, 4, 0, 6, 0, 8, 10, 0, 0, 0, 0, 0, 0, 0, 0, 0, 0, 0, 0]
4:7:120:!(scala.actors.Channel@bd9d,false):174:[6, 4, 4, 0, 8, 0, 8, 10, 0, 0, 0, 0, 0, 0, 0, 0, 0, 0, 0, 0]
7:1:121:!(scala.actors.Channel@8dd5,-1):175:[6, 4, 4, 0, 8, 0, 8, 12, 0, 0, 0, 0, 0, 0, 0, 0, 0, 0, 0, 0]
1:7:122:Audit(pName):176:[6, 6, 4, 0, 8, 0, 8, 12, 0, 0, 0, 0, 0, 0, 0, 0, 0, 0, 0, 0]
7:6:123:Lookup(pName):177:[6, 6, 4, 0, 8, 0, 8, 14, 0, 0, 0, 0, 0, 0, 0, 0, 0, 0, 0, 0]
6:7:124:!(scala.actors.Channel@be23,1):178:[6, 6, 4, 0, 8, 0, 10, 14, 0, 0, 0, 0, 0, 0, 0, 0, 0, 0, 0, 0]
7:4:125:isProcessAlive(1):179:[6, 6, 4, 0, 8, 0, 10, 16, 0, 0, 0, 0, 0, 0, 0, 0, 0, 0, 0, 0]
4:7:126:!(scala.actors.Channel@bd02,false):180:[6, 6, 4, 0, 10, 0, 10, 16, 0, 0, 0, 0, 0, 0, 0, 0, 0, 0, 0, 0]
7:6:127:DeleteEntry(1):181:[6, 6, 4, 0, 10, 0, 10, 18, 0, 0, 0, 0, 0, 0, 0, 0, 0, 0, 0, 0]
6:7:128:!(scala.actors.Channel@bd9d,()):182:[6, 6, 4, 0, 10, 0, 12, 18, 0, 0, 0, 0, 0, 0, 0, 0, 0, 0, 0, 0]
7:1:129:!(scala.actors.Channel@bca5,()):183:[6, 6, 4, 0, 10, 0, 12, 20, 0, 0, 0, 0, 0, 0, 0, 0, 0, 0, 0, 0]
1:6:130:InsertNewForward(pName,1):184:[6, 8, 4, 0, 10, 0, 12, 20, 0, 0, 0, 0, 0, 0, 0, 0, 0, 0, 0, 0]
6:1:131:!(scala.actors.Channel@8dd5,true):185:[6, 8, 4, 0, 10, 0, 14, 20, 0, 0, 0, 0, 0, 0, 0, 0, 0, 0, 0, 0]
1:7:132:Reg(1):186:[6, 10, 4, 0, 10, 0, 14, 20, 0, 0, 0, 0, 0, 0, 0, 0, 0, 0, 0, 0]
7:4:133:isProcessAlive(1):187:[6, 10, 4, 0, 10, 0, 14, 22, 0, 0, 0, 0, 0, 0, 0, 0, 0, 0, 0, 0]
4:7:134:!(scala.actors.Channel@be23,false):188:[6, 10, 4, 0, 12, 0, 14, 22, 0, 0, 0, 0, 0, 0, 0, 0, 0, 0, 0, 0]
7:6:136:InsertNewBackward(1,samira.procreg.Monitor@be24):189:[6, 10, 4, 0, 12, 0, 14, 25, 0, 0, 0, 0, 0, 0, 0, 0, 0, 0, 0, 0]
6:7:137:!(scala.actors.Channel@bd9d,true):190:[6, 10, 4, 0, 12, 0, 16, 25, 0, 0, 0, 0, 0, 0, 0, 0, 0, 0, 0, 0]
7:7:135:Down(1):191:[6, 10, 4, 0, 12, 0, 14, 24, 0, 0, 0, 0, 0, 0, 0, 0, 0, 0, 0, 0]
7:6:138:GetMatch(1):192:[6, 10, 4, 0, 12, 0, 16, 28, 0, 0, 0, 0, 0, 0, 0, 0, 0, 0, 0, 0]
6:7:139:!(scala.actors.Channel@bd02,Some(samira.procreg.Monitor@be24)):193:[6, 10, 4, 0, 12, 0, 18, 28, 0, 0, 0, 0, 0, 0, 0, 0, 0, 0, 0, 0]
7:6:140:DeleteEntry(1):194:[6, 10, 4, 0, 12, 0, 18, 30, 0, 0, 0, 0, 0, 0, 0, 0, 0, 0, 0, 0]
6:7:141:!(scala.actors.Channel@bd9d,()):195:[6, 10, 4, 0, 12, 0, 20, 30, 0, 0, 0, 0, 0, 0, 0, 0, 0, 0, 0, 0]
7:7:111:Down(1):196:[6, 0, 4, 0, 6, 0, 2, 4, 0, 0, 0, 0, 0, 0, 0, 0, 0, 0, 0, 0]
7:6:142:GetMatch(1):197:[6, 10, 4, 0, 12, 0, 20, 33, 0, 0, 0, 0, 0, 0, 0, 0, 0, 0, 0, 0]
6:7:143:!(scala.actors.Channel@bd02,None):198:[6, 10, 4, 0, 12, 0, 22, 33, 0, 0, 0, 0, 0, 0, 0, 0, 0, 0, 0, 0]
##BUG:NO_BUG:8:8sec:44
0:4:100:spawn(pName):0:[1, 0, 0, 0, 0, 0, 0, 0, 0, 0, 0, 0, 0, 0, 0, 0, 0, 0, 0, 0]
4:0:101:!(scala.actors.Channel@ba76,1):1:[1, 0, 0, 0, 2, 0, 0, 0, 0, 0, 0, 0, 0, 0, 0, 0, 0, 0, 0, 0]
0:4:102:kill(1):2:[3, 0, 0, 0, 2, 0, 0, 0, 0, 0, 0, 0, 0, 0, 0, 0, 0, 0, 0, 0]
4:0:103:!(scala.actors.Channel@b820,()):3:[3, 0, 0, 0, 4, 0, 0, 0, 0, 0, 0, 0, 0, 0, 0, 0, 0, 0, 0, 0]
0:2:105:Register(pName,1):4:[6, 0, 0, 0, 4, 0, 0, 0, 0, 0, 0, 0, 0, 0, 0, 0, 0, 0, 0, 0]
2:6:106:InsertNewForward(pName,1):5:[6, 0, 2, 0, 4, 0, 0, 0, 0, 0, 0, 0, 0, 0, 0, 0, 0, 0, 0, 0]
6:2:107:!(scala.actors.Channel@bf6a,true):6:[6, 0, 2, 0, 4, 0, 2, 0, 0, 0, 0, 0, 0, 0, 0, 0, 0, 0, 0, 0]
2:7:108:Reg(1):7:[6, 0, 4, 0, 4, 0, 2, 0, 0, 0, 0, 0, 0, 0, 0, 0, 0, 0, 0, 0]
7:4:109:isProcessAlive(1):8:[6, 0, 4, 0, 4, 0, 2, 2, 0, 0, 0, 0, 0, 0, 0, 0, 0, 0, 0, 0]
4:7:110:!(scala.actors.Channel@be23,false):9:[6, 0, 4, 0, 6, 0, 2, 2, 0, 0, 0, 0, 0, 0, 0, 0, 0, 0, 0, 0]
0:1:104:Register(pName,1):10:[5, 0, 0, 0, 4, 0, 0, 0, 0, 0, 0, 0, 0, 0, 0, 0, 0, 0, 0, 0]
1:6:113:InsertNewForward(pName,1):199:[5, 2, 0, 0, 4, 0, 0, 0, 0, 0, 0, 0, 0, 0, 0, 0, 0, 0, 0, 0]
6:1:114:!(scala.actors.Channel@bca5,false):200:[6, 2, 2, 0, 4, 0, 4, 0, 0, 0, 0, 0, 0, 0, 0, 0, 0, 0, 0, 0]
7:6:112:InsertNewBackward(1,samira.procreg.Monitor@be24):201:[6, 0, 4, 0, 6, 0, 2, 5, 0, 0, 0, 0, 0, 0, 0, 0, 0, 0, 0, 0]
6:7:116:!(scala.actors.Channel@bd9d,true):202:[6, 2, 4, 0, 6, 0, 6, 5, 0, 0, 0, 0, 0, 0, 0, 0, 0, 0, 0, 0]
1:7:115:Where(pName):203:[6, 4, 2, 0, 4, 0, 4, 0, 0, 0, 0, 0, 0, 0, 0, 0, 0, 0, 0, 0]
7:6:117:Lookup(pName):204:[6, 4, 4, 0, 6, 0, 6, 8, 0, 0, 0, 0, 0, 0, 0, 0, 0, 0, 0, 0]
6:7:118:!(scala.actors.Channel@bd02,1):205:[6, 4, 4, 0, 6, 0, 8, 8, 0, 0, 0, 0, 0, 0, 0, 0, 0, 0, 0, 0]
7:4:119:isProcessAlive(1):206:[6, 4, 4, 0, 6, 0, 8, 10, 0, 0, 0, 0, 0, 0, 0, 0, 0, 0, 0, 0]
4:7:120:!(scala.actors.Channel@bd9d,false):207:[6, 4, 4, 0, 8, 0, 8, 10, 0, 0, 0, 0, 0, 0, 0, 0, 0, 0, 0, 0]
7:1:121:!(scala.actors.Channel@8dd5,-1):208:[6, 4, 4, 0, 8, 0, 8, 12, 0, 0, 0, 0, 0, 0, 0, 0, 0, 0, 0, 0]
1:7:122:Audit(pName):209:[6, 6, 4, 0, 8, 0, 8, 12, 0, 0, 0, 0, 0, 0, 0, 0, 0, 0, 0, 0]
7:6:123:Lookup(pName):210:[6, 6, 4, 0, 8, 0, 8, 14, 0, 0, 0, 0, 0, 0, 0, 0, 0, 0, 0, 0]
6:7:124:!(scala.actors.Channel@be23,1):211:[6, 6, 4, 0, 8, 0, 10, 14, 0, 0, 0, 0, 0, 0, 0, 0, 0, 0, 0, 0]
7:4:125:isProcessAlive(1):212:[6, 6, 4, 0, 8, 0, 10, 16, 0, 0, 0, 0, 0, 0, 0, 0, 0, 0, 0, 0]
4:7:126:!(scala.actors.Channel@bd02,false):213:[6, 6, 4, 0, 10, 0, 10, 16, 0, 0, 0, 0, 0, 0, 0, 0, 0, 0, 0, 0]
7:6:127:DeleteEntry(1):214:[6, 6, 4, 0, 10, 0, 10, 18, 0, 0, 0, 0, 0, 0, 0, 0, 0, 0, 0, 0]
6:7:128:!(scala.actors.Channel@bd9d,()):215:[6, 6, 4, 0, 10, 0, 12, 18, 0, 0, 0, 0, 0, 0, 0, 0, 0, 0, 0, 0]
7:1:129:!(scala.actors.Channel@bca5,()):216:[6, 6, 4, 0, 10, 0, 12, 20, 0, 0, 0, 0, 0, 0, 0, 0, 0, 0, 0, 0]
1:6:130:InsertNewForward(pName,1):217:[6, 8, 4, 0, 10, 0, 12, 20, 0, 0, 0, 0, 0, 0, 0, 0, 0, 0, 0, 0]
6:1:131:!(scala.actors.Channel@8dd5,true):218:[6, 8, 4, 0, 10, 0, 14, 20, 0, 0, 0, 0, 0, 0, 0, 0, 0, 0, 0, 0]
1:7:132:Reg(1):219:[6, 10, 4, 0, 10, 0, 14, 20, 0, 0, 0, 0, 0, 0, 0, 0, 0, 0, 0, 0]
7:4:133:isProcessAlive(1):220:[6, 10, 4, 0, 10, 0, 14, 22, 0, 0, 0, 0, 0, 0, 0, 0, 0, 0, 0, 0]
4:7:134:!(scala.actors.Channel@be23,false):221:[6, 10, 4, 0, 12, 0, 14, 22, 0, 0, 0, 0, 0, 0, 0, 0, 0, 0, 0, 0]
7:6:136:InsertNewBackward(1,samira.procreg.Monitor@be24):222:[6, 10, 4, 0, 12, 0, 14, 25, 0, 0, 0, 0, 0, 0, 0, 0, 0, 0, 0, 0]
6:7:137:!(scala.actors.Channel@bd9d,true):223:[6, 10, 4, 0, 12, 0, 16, 25, 0, 0, 0, 0, 0, 0, 0, 0, 0, 0, 0, 0]
7:7:135:Down(1):224:[6, 10, 4, 0, 12, 0, 14, 24, 0, 0, 0, 0, 0, 0, 0, 0, 0, 0, 0, 0]
7:6:138:GetMatch(1):225:[6, 10, 4, 0, 12, 0, 16, 28, 0, 0, 0, 0, 0, 0, 0, 0, 0, 0, 0, 0]
6:7:139:!(scala.actors.Channel@bd02,Some(samira.procreg.Monitor@be24)):226:[6, 10, 4, 0, 12, 0, 18, 28, 0, 0, 0, 0, 0, 0, 0, 0, 0, 0, 0, 0]
7:6:140:DeleteEntry(1):227:[6, 10, 4, 0, 12, 0, 18, 30, 0, 0, 0, 0, 0, 0, 0, 0, 0, 0, 0, 0]
6:7:141:!(scala.actors.Channel@bd9d,()):228:[6, 10, 4, 0, 12, 0, 20, 30, 0, 0, 0, 0, 0, 0, 0, 0, 0, 0, 0, 0]
7:7:111:Down(1):229:[6, 0, 4, 0, 6, 0, 2, 4, 0, 0, 0, 0, 0, 0, 0, 0, 0, 0, 0, 0]
7:6:142:GetMatch(1):230:[6, 10, 4, 0, 12, 0, 20, 33, 0, 0, 0, 0, 0, 0, 0, 0, 0, 0, 0, 0]
6:7:143:!(scala.actors.Channel@bd02,None):231:[6, 10, 4, 0, 12, 0, 22, 33, 0, 0, 0, 0, 0, 0, 0, 0, 0, 0, 0, 0]
##BUG:NO_BUG:9:9sec:46
0:4:100:spawn(pName):0:[1, 0, 0, 0, 0, 0, 0, 0, 0, 0, 0, 0, 0, 0, 0, 0, 0, 0, 0, 0]
4:0:101:!(scala.actors.Channel@ba76,1):1:[1, 0, 0, 0, 2, 0, 0, 0, 0, 0, 0, 0, 0, 0, 0, 0, 0, 0, 0, 0]
0:4:102:kill(1):2:[3, 0, 0, 0, 2, 0, 0, 0, 0, 0, 0, 0, 0, 0, 0, 0, 0, 0, 0, 0]
4:0:103:!(scala.actors.Channel@b820,()):3:[3, 0, 0, 0, 4, 0, 0, 0, 0, 0, 0, 0, 0, 0, 0, 0, 0, 0, 0, 0]
0:2:105:Register(pName,1):4:[6, 0, 0, 0, 4, 0, 0, 0, 0, 0, 0, 0, 0, 0, 0, 0, 0, 0, 0, 0]
2:6:106:InsertNewForward(pName,1):5:[6, 0, 2, 0, 4, 0, 0, 0, 0, 0, 0, 0, 0, 0, 0, 0, 0, 0, 0, 0]
6:2:107:!(scala.actors.Channel@bf6a,true):6:[6, 0, 2, 0, 4, 0, 2, 0, 0, 0, 0, 0, 0, 0, 0, 0, 0, 0, 0, 0]
2:7:108:Reg(1):7:[6, 0, 4, 0, 4, 0, 2, 0, 0, 0, 0, 0, 0, 0, 0, 0, 0, 0, 0, 0]
7:4:109:isProcessAlive(1):8:[6, 0, 4, 0, 4, 0, 2, 2, 0, 0, 0, 0, 0, 0, 0, 0, 0, 0, 0, 0]
0:1:104:Register(pName,1):9:[5, 0, 0, 0, 4, 0, 0, 0, 0, 0, 0, 0, 0, 0, 0, 0, 0, 0, 0, 0]
1:6:111:InsertNewForward(pName,1):232:[5, 2, 0, 0, 4, 0, 0, 0, 0, 0, 0, 0, 0, 0, 0, 0, 0, 0, 0, 0]
6:1:112:!(scala.actors.Channel@bca5,false):233:[6, 2, 2, 0, 4, 0, 4, 0, 0, 0, 0, 0, 0, 0, 0, 0, 0, 0, 0, 0]
4:7:110:!(scala.actors.Channel@be23,false):234:[6, 0, 4, 0, 6, 0, 2, 2, 0, 0, 0, 0, 0, 0, 0, 0, 0, 0, 0, 0]
7:6:115:InsertNewBackward(1,samira.procreg.Monitor@be24):235:[6, 0, 4, 0, 6, 0, 2, 5, 0, 0, 0, 0, 0, 0, 0, 0, 0, 0, 0, 0]
6:7:116:!(scala.actors.Channel@bd9d,true):236:[6, 2, 4, 0, 6, 0, 6, 5, 0, 0, 0, 0, 0, 0, 0, 0, 0, 0, 0, 0]
7:7:114:Down(1):237:[6, 0, 4, 0, 6, 0, 2, 4, 0, 0, 0, 0, 0, 0, 0, 0, 0, 0, 0, 0]
7:6:117:GetMatch(1):238:[6, 2, 4, 0, 6, 0, 6, 8, 0, 0, 0, 0, 0, 0, 0, 0, 0, 0, 0, 0]
6:7:118:!(scala.actors.Channel@bd02,Some(samira.procreg.Monitor@be24)):239:[6, 2, 4, 0, 6, 0, 8, 8, 0, 0, 0, 0, 0, 0, 0, 0, 0, 0, 0, 0]
7:6:119:DeleteEntry(1):240:[6, 2, 4, 0, 6, 0, 8, 10, 0, 0, 0, 0, 0, 0, 0, 0, 0, 0, 0, 0]
6:7:120:!(scala.actors.Channel@bd9d,()):241:[6, 2, 4, 0, 6, 0, 10, 10, 0, 0, 0, 0, 0, 0, 0, 0, 0, 0, 0, 0]
1:7:113:Where(pName):242:[6, 4, 2, 0, 4, 0, 4, 0, 0, 0, 0, 0, 0, 0, 0, 0, 0, 0, 0, 0]
7:6:121:Lookup(pName):243:[6, 4, 4, 0, 6, 0, 10, 13, 0, 0, 0, 0, 0, 0, 0, 0, 0, 0, 0, 0]
6:7:122:!(scala.actors.Channel@bd02,-1):244:[6, 4, 4, 0, 6, 0, 12, 13, 0, 0, 0, 0, 0, 0, 0, 0, 0, 0, 0, 0]
7:4:123:isProcessAlive(-1):245:[6, 4, 4, 0, 6, 0, 12, 15, 0, 0, 0, 0, 0, 0, 0, 0, 0, 0, 0, 0]
4:7:124:!(scala.actors.Channel@bd9d,false):246:[6, 4, 4, 0, 8, 0, 12, 15, 0, 0, 0, 0, 0, 0, 0, 0, 0, 0, 0, 0]
7:1:125:!(scala.actors.Channel@8dd5,-1):247:[6, 4, 4, 0, 8, 0, 12, 17, 0, 0, 0, 0, 0, 0, 0, 0, 0, 0, 0, 0]
1:7:126:Audit(pName):248:[6, 6, 4, 0, 8, 0, 12, 17, 0, 0, 0, 0, 0, 0, 0, 0, 0, 0, 0, 0]
7:6:127:Lookup(pName):249:[6, 6, 4, 0, 8, 0, 12, 19, 0, 0, 0, 0, 0, 0, 0, 0, 0, 0, 0, 0]
6:7:128:!(scala.actors.Channel@be23,-1):250:[6, 6, 4, 0, 8, 0, 14, 19, 0, 0, 0, 0, 0, 0, 0, 0, 0, 0, 0, 0]
7:4:129:isProcessAlive(-1):251:[6, 6, 4, 0, 8, 0, 14, 21, 0, 0, 0, 0, 0, 0, 0, 0, 0, 0, 0, 0]
4:7:130:!(scala.actors.Channel@bd02,false):252:[6, 6, 4, 0, 10, 0, 14, 21, 0, 0, 0, 0, 0, 0, 0, 0, 0, 0, 0, 0]
7:6:131:DeleteEntry(-1):253:[6, 6, 4, 0, 10, 0, 14, 23, 0, 0, 0, 0, 0, 0, 0, 0, 0, 0, 0, 0]
6:7:132:!(scala.actors.Channel@bd9d,()):254:[6, 6, 4, 0, 10, 0, 16, 23, 0, 0, 0, 0, 0, 0, 0, 0, 0, 0, 0, 0]
7:1:133:!(scala.actors.Channel@bca5,()):255:[6, 6, 4, 0, 10, 0, 16, 25, 0, 0, 0, 0, 0, 0, 0, 0, 0, 0, 0, 0]
1:6:134:InsertNewForward(pName,1):256:[6, 8, 4, 0, 10, 0, 16, 25, 0, 0, 0, 0, 0, 0, 0, 0, 0, 0, 0, 0]
6:1:135:!(scala.actors.Channel@8dd5,true):257:[6, 8, 4, 0, 10, 0, 18, 25, 0, 0, 0, 0, 0, 0, 0, 0, 0, 0, 0, 0]
1:7:136:Reg(1):258:[6, 10, 4, 0, 10, 0, 18, 25, 0, 0, 0, 0, 0, 0, 0, 0, 0, 0, 0, 0]
7:4:137:isProcessAlive(1):259:[6, 10, 4, 0, 10, 0, 18, 27, 0, 0, 0, 0, 0, 0, 0, 0, 0, 0, 0, 0]
4:7:138:!(scala.actors.Channel@be23,false):260:[6, 10, 4, 0, 12, 0, 18, 27, 0, 0, 0, 0, 0, 0, 0, 0, 0, 0, 0, 0]
7:6:140:InsertNewBackward(1,samira.procreg.Monitor@be24):261:[6, 10, 4, 0, 12, 0, 18, 30, 0, 0, 0, 0, 0, 0, 0, 0, 0, 0, 0, 0]
6:7:141:!(scala.actors.Channel@bd9d,true):262:[6, 10, 4, 0, 12, 0, 20, 30, 0, 0, 0, 0, 0, 0, 0, 0, 0, 0, 0, 0]
7:7:139:Down(1):263:[6, 10, 4, 0, 12, 0, 18, 29, 0, 0, 0, 0, 0, 0, 0, 0, 0, 0, 0, 0]
7:6:142:GetMatch(1):264:[6, 10, 4, 0, 12, 0, 20, 33, 0, 0, 0, 0, 0, 0, 0, 0, 0, 0, 0, 0]
6:7:143:!(scala.actors.Channel@bd02,Some(samira.procreg.Monitor@be24)):265:[6, 10, 4, 0, 12, 0, 22, 33, 0, 0, 0, 0, 0, 0, 0, 0, 0, 0, 0, 0]
7:6:144:DeleteEntry(1):266:[6, 10, 4, 0, 12, 0, 22, 35, 0, 0, 0, 0, 0, 0, 0, 0, 0, 0, 0, 0]
6:7:145:!(scala.actors.Channel@bd9d,()):267:[6, 10, 4, 0, 12, 0, 24, 35, 0, 0, 0, 0, 0, 0, 0, 0, 0, 0, 0, 0]
##BUG:TRACE_HAD_ERROR/EXCEPTION/INVALID_TERMINATION:10:10sec:32
0:4:100:spawn(pName):0:[1, 0, 0, 0, 0, 0, 0, 0, 0, 0, 0, 0, 0, 0, 0, 0, 0, 0, 0, 0]
4:0:101:!(scala.actors.Channel@ba76,1):1:[1, 0, 0, 0, 2, 0, 0, 0, 0, 0, 0, 0, 0, 0, 0, 0, 0, 0, 0, 0]
0:4:102:kill(1):2:[3, 0, 0, 0, 2, 0, 0, 0, 0, 0, 0, 0, 0, 0, 0, 0, 0, 0, 0, 0]
4:0:103:!(scala.actors.Channel@b820,()):3:[3, 0, 0, 0, 4, 0, 0, 0, 0, 0, 0, 0, 0, 0, 0, 0, 0, 0, 0, 0]
0:2:105:Register(pName,1):4:[6, 0, 0, 0, 4, 0, 0, 0, 0, 0, 0, 0, 0, 0, 0, 0, 0, 0, 0, 0]
2:6:106:InsertNewForward(pName,1):5:[6, 0, 2, 0, 4, 0, 0, 0, 0, 0, 0, 0, 0, 0, 0, 0, 0, 0, 0, 0]
6:2:107:!(scala.actors.Channel@bf6a,true):6:[6, 0, 2, 0, 4, 0, 2, 0, 0, 0, 0, 0, 0, 0, 0, 0, 0, 0, 0, 0]
0:1:104:Register(pName,1):7:[5, 0, 0, 0, 4, 0, 0, 0, 0, 0, 0, 0, 0, 0, 0, 0, 0, 0, 0, 0]
1:6:109:InsertNewForward(pName,1):268:[5, 2, 0, 0, 4, 0, 0, 0, 0, 0, 0, 0, 0, 0, 0, 0, 0, 0, 0, 0]
6:1:110:!(scala.actors.Channel@bca5,false):269:[6, 2, 2, 0, 4, 0, 4, 0, 0, 0, 0, 0, 0, 0, 0, 0, 0, 0, 0, 0]
1:7:111:Where(pName):270:[6, 4, 2, 0, 4, 0, 4, 0, 0, 0, 0, 0, 0, 0, 0, 0, 0, 0, 0, 0]
7:6:112:Lookup(pName):271:[6, 4, 2, 0, 4, 0, 4, 2, 0, 0, 0, 0, 0, 0, 0, 0, 0, 0, 0, 0]
6:7:113:!(scala.actors.Channel@be23,1):272:[6, 4, 2, 0, 4, 0, 6, 2, 0, 0, 0, 0, 0, 0, 0, 0, 0, 0, 0, 0]
7:4:114:isProcessAlive(1):273:[6, 4, 2, 0, 4, 0, 6, 4, 0, 0, 0, 0, 0, 0, 0, 0, 0, 0, 0, 0]
4:7:115:!(scala.actors.Channel@bd9d,false):274:[6, 4, 2, 0, 6, 0, 6, 4, 0, 0, 0, 0, 0, 0, 0, 0, 0, 0, 0, 0]
7:1:116:!(scala.actors.Channel@8dd5,-1):275:[6, 4, 2, 0, 6, 0, 6, 6, 0, 0, 0, 0, 0, 0, 0, 0, 0, 0, 0, 0]
1:7:117:Audit(pName):276:[6, 6, 2, 0, 6, 0, 6, 6, 0, 0, 0, 0, 0, 0, 0, 0, 0, 0, 0, 0]
7:6:118:Lookup(pName):277:[6, 6, 2, 0, 6, 0, 6, 8, 0, 0, 0, 0, 0, 0, 0, 0, 0, 0, 0, 0]
6:7:119:!(scala.actors.Channel@bd02,1):278:[6, 6, 2, 0, 6, 0, 8, 8, 0, 0, 0, 0, 0, 0, 0, 0, 0, 0, 0, 0]
7:4:120:isProcessAlive(1):279:[6, 6, 2, 0, 6, 0, 8, 10, 0, 0, 0, 0, 0, 0, 0, 0, 0, 0, 0, 0]
4:7:121:!(scala.actors.Channel@be23,false):280:[6, 6, 2, 0, 8, 0, 8, 10, 0, 0, 0, 0, 0, 0, 0, 0, 0, 0, 0, 0]
7:6:122:DeleteEntry(1):281:[6, 6, 2, 0, 8, 0, 8, 12, 0, 0, 0, 0, 0, 0, 0, 0, 0, 0, 0, 0]
6:7:123:!(scala.actors.Channel@bd9d,()):282:[6, 6, 2, 0, 8, 0, 10, 12, 0, 0, 0, 0, 0, 0, 0, 0, 0, 0, 0, 0]
7:1:124:!(scala.actors.Channel@bca5,()):283:[6, 6, 2, 0, 8, 0, 10, 14, 0, 0, 0, 0, 0, 0, 0, 0, 0, 0, 0, 0]
1:6:125:InsertNewForward(pName,1):284:[6, 8, 2, 0, 8, 0, 10, 14, 0, 0, 0, 0, 0, 0, 0, 0, 0, 0, 0, 0]
6:1:126:!(scala.actors.Channel@8dd5,false):285:[6, 8, 2, 0, 8, 0, 12, 14, 0, 0, 0, 0, 0, 0, 0, 0, 0, 0, 0, 0]
1:7:127:Where(pName):286:[6, 10, 2, 0, 8, 0, 12, 14, 0, 0, 0, 0, 0, 0, 0, 0, 0, 0, 0, 0]
7:6:128:Lookup(pName):287:[6, 10, 2, 0, 8, 0, 12, 16, 0, 0, 0, 0, 0, 0, 0, 0, 0, 0, 0, 0]
6:7:129:!(scala.actors.Channel@bd02,1):288:[6, 10, 2, 0, 8, 0, 14, 16, 0, 0, 0, 0, 0, 0, 0, 0, 0, 0, 0, 0]
7:4:130:isProcessAlive(1):289:[6, 10, 2, 0, 8, 0, 14, 18, 0, 0, 0, 0, 0, 0, 0, 0, 0, 0, 0, 0]
4:7:131:!(scala.actors.Channel@bd9d,false):290:[6, 10, 2, 0, 10, 0, 14, 18, 0, 0, 0, 0, 0, 0, 0, 0, 0, 0, 0, 0]
7:1:132:!(scala.actors.Channel@8019,-1):291:[6, 10, 2, 0, 10, 0, 14, 20, 0, 0, 0, 0, 0, 0, 0, 0, 0, 0, 0, 0]
##BUGGY_ACTORS: 1
1
##BUG:NO_BUG:11:11sec:30
0:4:100:spawn(pName):0:[1, 0, 0, 0, 0, 0, 0, 0, 0, 0, 0, 0, 0, 0, 0, 0, 0, 0, 0, 0]
4:0:101:!(scala.actors.Channel@ba76,1):1:[1, 0, 0, 0, 2, 0, 0, 0, 0, 0, 0, 0, 0, 0, 0, 0, 0, 0, 0, 0]
0:4:102:kill(1):2:[3, 0, 0, 0, 2, 0, 0, 0, 0, 0, 0, 0, 0, 0, 0, 0, 0, 0, 0, 0]
4:0:103:!(scala.actors.Channel@b820,()):3:[3, 0, 0, 0, 4, 0, 0, 0, 0, 0, 0, 0, 0, 0, 0, 0, 0, 0, 0, 0]
0:2:105:Register(pName,1):4:[6, 0, 0, 0, 4, 0, 0, 0, 0, 0, 0, 0, 0, 0, 0, 0, 0, 0, 0, 0]
0:1:104:Register(pName,1):5:[5, 0, 0, 0, 4, 0, 0, 0, 0, 0, 0, 0, 0, 0, 0, 0, 0, 0, 0, 0]
1:6:107:InsertNewForward(pName,1):292:[5, 2, 0, 0, 4, 0, 0, 0, 0, 0, 0, 0, 0, 0, 0, 0, 0, 0, 0, 0]
6:1:108:!(scala.actors.Channel@bca5,true):293:[5, 2, 0, 0, 4, 0, 2, 0, 0, 0, 0, 0, 0, 0, 0, 0, 0, 0, 0, 0]
1:7:109:Reg(1):294:[5, 4, 0, 0, 4, 0, 2, 0, 0, 0, 0, 0, 0, 0, 0, 0, 0, 0, 0, 0]
7:4:110:isProcessAlive(1):295:[5, 4, 0, 0, 4, 0, 2, 2, 0, 0, 0, 0, 0, 0, 0, 0, 0, 0, 0, 0]
4:7:111:!(scala.actors.Channel@be23,false):296:[5, 4, 0, 0, 6, 0, 2, 2, 0, 0, 0, 0, 0, 0, 0, 0, 0, 0, 0, 0]
7:6:113:InsertNewBackward(1,samira.procreg.Monitor@be24):297:[5, 4, 0, 0, 6, 0, 2, 5, 0, 0, 0, 0, 0, 0, 0, 0, 0, 0, 0, 0]
6:7:114:!(scala.actors.Channel@bd9d,true):298:[5, 4, 0, 0, 6, 0, 4, 5, 0, 0, 0, 0, 0, 0, 0, 0, 0, 0, 0, 0]
7:7:112:Down(1):299:[5, 4, 0, 0, 6, 0, 2, 4, 0, 0, 0, 0, 0, 0, 0, 0, 0, 0, 0, 0]
7:6:115:GetMatch(1):300:[5, 4, 0, 0, 6, 0, 4, 8, 0, 0, 0, 0, 0, 0, 0, 0, 0, 0, 0, 0]
6:7:116:!(scala.actors.Channel@bd02,Some(samira.procreg.Monitor@be24)):301:[5, 4, 0, 0, 6, 0, 6, 8, 0, 0, 0, 0, 0, 0, 0, 0, 0, 0, 0, 0]
7:6:117:DeleteEntry(1):302:[5, 4, 0, 0, 6, 0, 6, 10, 0, 0, 0, 0, 0, 0, 0, 0, 0, 0, 0, 0]
6:7:118:!(scala.actors.Channel@bd9d,()):303:[5, 4, 0, 0, 6, 0, 8, 10, 0, 0, 0, 0, 0, 0, 0, 0, 0, 0, 0, 0]
2:6:106:InsertNewForward(pName,1):304:[6, 0, 2, 0, 4, 0, 0, 0, 0, 0, 0, 0, 0, 0, 0, 0, 0, 0, 0, 0]
6:2:119:!(scala.actors.Channel@bf6a,true):305:[6, 4, 2, 0, 6, 0, 10, 10, 0, 0, 0, 0, 0, 0, 0, 0, 0, 0, 0, 0]
2:7:120:Reg(1):306:[6, 4, 4, 0, 6, 0, 10, 10, 0, 0, 0, 0, 0, 0, 0, 0, 0, 0, 0, 0]
7:4:121:isProcessAlive(1):307:[6, 4, 4, 0, 6, 0, 10, 13, 0, 0, 0, 0, 0, 0, 0, 0, 0, 0, 0, 0]
4:7:122:!(scala.actors.Channel@bd02,false):308:[6, 4, 4, 0, 8, 0, 10, 13, 0, 0, 0, 0, 0, 0, 0, 0, 0, 0, 0, 0]
7:6:124:InsertNewBackward(1,samira.procreg.Monitor@be24):309:[6, 4, 4, 0, 8, 0, 10, 16, 0, 0, 0, 0, 0, 0, 0, 0, 0, 0, 0, 0]
6:7:125:!(scala.actors.Channel@be23,true):310:[6, 4, 4, 0, 8, 0, 12, 16, 0, 0, 0, 0, 0, 0, 0, 0, 0, 0, 0, 0]
7:7:123:Down(1):311:[6, 4, 4, 0, 8, 0, 10, 15, 0, 0, 0, 0, 0, 0, 0, 0, 0, 0, 0, 0]
7:6:126:GetMatch(1):312:[6, 4, 4, 0, 8, 0, 12, 19, 0, 0, 0, 0, 0, 0, 0, 0, 0, 0, 0, 0]
6:7:127:!(scala.actors.Channel@bd9d,Some(samira.procreg.Monitor@be24)):313:[6, 4, 4, 0, 8, 0, 14, 19, 0, 0, 0, 0, 0, 0, 0, 0, 0, 0, 0, 0]
7:6:128:DeleteEntry(1):314:[6, 4, 4, 0, 8, 0, 14, 21, 0, 0, 0, 0, 0, 0, 0, 0, 0, 0, 0, 0]
6:7:129:!(scala.actors.Channel@be23,()):315:[6, 4, 4, 0, 8, 0, 16, 21, 0, 0, 0, 0, 0, 0, 0, 0, 0, 0, 0, 0]
