##BUG:NO_BUG:1:3sec:46
0:4:100:spawn(pName):0:[1, 0, 0, 0, 0, 0, 0, 0, 0, 0, 0, 0, 0, 0, 0, 0, 0, 0, 0, 0]
4:0:101:!(scala.actors.Channel@ba76,1):1:[1, 0, 0, 0, 2, 0, 0, 0, 0, 0, 0, 0, 0, 0, 0, 0, 0, 0, 0, 0]
0:4:102:kill(1):2:[3, 0, 0, 0, 2, 0, 0, 0, 0, 0, 0, 0, 0, 0, 0, 0, 0, 0, 0, 0]
4:0:103:!(scala.actors.Channel@bfde,()):3:[3, 0, 0, 0, 4, 0, 0, 0, 0, 0, 0, 0, 0, 0, 0, 0, 0, 0, 0, 0]
0:1:104:Register(pName,1):4:[5, 0, 0, 0, 4, 0, 0, 0, 0, 0, 0, 0, 0, 0, 0, 0, 0, 0, 0, 0]
0:2:105:Register(pName,1):5:[6, 0, 0, 0, 4, 0, 0, 0, 0, 0, 0, 0, 0, 0, 0, 0, 0, 0, 0, 0]
1:6:106:InsertNewForward(pName,1):6:[5, 2, 0, 0, 4, 0, 0, 0, 0, 0, 0, 0, 0, 0, 0, 0, 0, 0, 0, 0]
6:1:108:!(scala.actors.Channel@bf01,true):7:[5, 2, 0, 0, 4, 0, 2, 0, 0, 0, 0, 0, 0, 0, 0, 0, 0, 0, 0, 0]
2:6:107:InsertNewForward(pName,1):8:[6, 0, 2, 0, 4, 0, 0, 0, 0, 0, 0, 0, 0, 0, 0, 0, 0, 0, 0, 0]
6:2:110:!(scala.actors.Channel@be8d,false):9:[6, 2, 2, 0, 4, 0, 4, 0, 0, 0, 0, 0, 0, 0, 0, 0, 0, 0, 0, 0]
1:7:109:Reg(1):10:[5, 4, 0, 0, 4, 0, 2, 0, 0, 0, 0, 0, 0, 0, 0, 0, 0, 0, 0, 0]
7:4:112:isProcessAlive(1):11:[5, 4, 0, 0, 4, 0, 2, 2, 0, 0, 0, 0, 0, 0, 0, 0, 0, 0, 0, 0]
4:7:113:!(scala.actors.Channel@bd45,false):12:[5, 4, 0, 0, 6, 0, 2, 2, 0, 0, 0, 0, 0, 0, 0, 0, 0, 0, 0, 0]
7:6:115:InsertNewBackward(1,samira.procreg.Monitor@bd4e):13:[5, 4, 0, 0, 6, 0, 2, 5, 0, 0, 0, 0, 0, 0, 0, 0, 0, 0, 0, 0]
6:7:116:!(scala.actors.Channel@bd26,true):14:[6, 4, 2, 0, 6, 0, 6, 5, 0, 0, 0, 0, 0, 0, 0, 0, 0, 0, 0, 0]
2:7:111:Where(pName):15:[6, 2, 4, 0, 4, 0, 4, 0, 0, 0, 0, 0, 0, 0, 0, 0, 0, 0, 0, 0]
7:6:117:Lookup(pName):16:[6, 4, 4, 0, 6, 0, 6, 8, 0, 0, 0, 0, 0, 0, 0, 0, 0, 0, 0, 0]
6:7:118:!(scala.actors.Channel@bcaf,1):17:[6, 4, 4, 0, 6, 0, 8, 8, 0, 0, 0, 0, 0, 0, 0, 0, 0, 0, 0, 0]
7:4:119:isProcessAlive(1):18:[6, 4, 4, 0, 6, 0, 8, 10, 0, 0, 0, 0, 0, 0, 0, 0, 0, 0, 0, 0]
4:7:120:!(scala.actors.Channel@bd26,false):19:[6, 4, 4, 0, 8, 0, 8, 10, 0, 0, 0, 0, 0, 0, 0, 0, 0, 0, 0, 0]
7:2:121:!(scala.actors.Channel@bda5,-1):20:[6, 4, 4, 0, 8, 0, 8, 12, 0, 0, 0, 0, 0, 0, 0, 0, 0, 0, 0, 0]
7:7:114:Down(1):21:[5, 4, 0, 0, 6, 0, 2, 4, 0, 0, 0, 0, 0, 0, 0, 0, 0, 0, 0, 0]
7:6:123:GetMatch(1):22:[6, 4, 4, 0, 8, 0, 8, 14, 0, 0, 0, 0, 0, 0, 0, 0, 0, 0, 0, 0]
6:7:124:!(scala.actors.Channel@bd45,Some(samira.procreg.Monitor@bd4e)):23:[6, 4, 4, 0, 8, 0, 10, 14, 0, 0, 0, 0, 0, 0, 0, 0, 0, 0, 0, 0]
7:6:125:DeleteEntry(1):24:[6, 4, 4, 0, 8, 0, 10, 16, 0, 0, 0, 0, 0, 0, 0, 0, 0, 0, 0, 0]
6:7:126:!(scala.actors.Channel@bcaf,()):25:[6, 4, 4, 0, 8, 0, 12, 16, 0, 0, 0, 0, 0, 0, 0, 0, 0, 0, 0, 0]
2:7:122:Audit(pName):26:[6, 4, 6, 0, 8, 0, 8, 12, 0, 0, 0, 0, 0, 0, 0, 0, 0, 0, 0, 0]
7:6:127:Lookup(pName):27:[6, 4, 6, 0, 8, 0, 12, 19, 0, 0, 0, 0, 0, 0, 0, 0, 0, 0, 0, 0]
6:7:128:!(scala.actors.Channel@bd45,-1):28:[6, 4, 6, 0, 8, 0, 14, 19, 0, 0, 0, 0, 0, 0, 0, 0, 0, 0, 0, 0]
7:4:129:isProcessAlive(-1):29:[6, 4, 6, 0, 8, 0, 14, 21, 0, 0, 0, 0, 0, 0, 0, 0, 0, 0, 0, 0]
4:7:130:!(scala.actors.Channel@bcaf,false):30:[6, 4, 6, 0, 10, 0, 14, 21, 0, 0, 0, 0, 0, 0, 0, 0, 0, 0, 0, 0]
7:6:131:DeleteEntry(-1):31:[6, 4, 6, 0, 10, 0, 14, 23, 0, 0, 0, 0, 0, 0, 0, 0, 0, 0, 0, 0]
6:7:132:!(scala.actors.Channel@bd26,()):32:[6, 4, 6, 0, 10, 0, 16, 23, 0, 0, 0, 0, 0, 0, 0, 0, 0, 0, 0, 0]
7:2:133:!(scala.actors.Channel@be8d,()):33:[6, 4, 6, 0, 10, 0, 16, 25, 0, 0, 0, 0, 0, 0, 0, 0, 0, 0, 0, 0]
2:6:134:InsertNewForward(pName,1):34:[6, 4, 8, 0, 10, 0, 16, 25, 0, 0, 0, 0, 0, 0, 0, 0, 0, 0, 0, 0]
6:2:135:!(scala.actors.Channel@bda5,true):35:[6, 4, 8, 0, 10, 0, 18, 25, 0, 0, 0, 0, 0, 0, 0, 0, 0, 0, 0, 0]
2:7:136:Reg(1):36:[6, 4, 10, 0, 10, 0, 18, 25, 0, 0, 0, 0, 0, 0, 0, 0, 0, 0, 0, 0]
7:4:137:isProcessAlive(1):37:[6, 4, 10, 0, 10, 0, 18, 27, 0, 0, 0, 0, 0, 0, 0, 0, 0, 0, 0, 0]
4:7:138:!(scala.actors.Channel@bd45,false):38:[6, 4, 10, 0, 12, 0, 18, 27, 0, 0, 0, 0, 0, 0, 0, 0, 0, 0, 0, 0]
7:6:140:InsertNewBackward(1,samira.procreg.Monitor@bd4e):39:[6, 4, 10, 0, 12, 0, 18, 30, 0, 0, 0, 0, 0, 0, 0, 0, 0, 0, 0, 0]
6:7:141:!(scala.actors.Channel@bd26,true):40:[6, 4, 10, 0, 12, 0, 20, 30, 0, 0, 0, 0, 0, 0, 0, 0, 0, 0, 0, 0]
7:7:139:Down(1):41:[6, 4, 10, 0, 12, 0, 18, 29, 0, 0, 0, 0, 0, 0, 0, 0, 0, 0, 0, 0]
7:6:142:GetMatch(1):42:[6, 4, 10, 0, 12, 0, 20, 33, 0, 0, 0, 0, 0, 0, 0, 0, 0, 0, 0, 0]
6:7:143:!(scala.actors.Channel@bcaf,Some(samira.procreg.Monitor@bd4e)):43:[6, 4, 10, 0, 12, 0, 22, 33, 0, 0, 0, 0, 0, 0, 0, 0, 0, 0, 0, 0]
7:6:144:DeleteEntry(1):44:[6, 4, 10, 0, 12, 0, 22, 35, 0, 0, 0, 0, 0, 0, 0, 0, 0, 0, 0, 0]
6:7:145:!(scala.actors.Channel@bd26,()):45:[6, 4, 10, 0, 12, 0, 24, 35, 0, 0, 0, 0, 0, 0, 0, 0, 0, 0, 0, 0]
##BUG:NO_BUG:2:4sec:44
0:4:100:spawn(pName):0:[1, 0, 0, 0, 0, 0, 0, 0, 0, 0, 0, 0, 0, 0, 0, 0, 0, 0, 0, 0]
4:0:101:!(scala.actors.Channel@ba76,1):1:[1, 0, 0, 0, 2, 0, 0, 0, 0, 0, 0, 0, 0, 0, 0, 0, 0, 0, 0, 0]
0:4:102:kill(1):2:[3, 0, 0, 0, 2, 0, 0, 0, 0, 0, 0, 0, 0, 0, 0, 0, 0, 0, 0, 0]
4:0:103:!(scala.actors.Channel@bfde,()):3:[3, 0, 0, 0, 4, 0, 0, 0, 0, 0, 0, 0, 0, 0, 0, 0, 0, 0, 0, 0]
0:1:104:Register(pName,1):4:[5, 0, 0, 0, 4, 0, 0, 0, 0, 0, 0, 0, 0, 0, 0, 0, 0, 0, 0, 0]
0:2:105:Register(pName,1):5:[6, 0, 0, 0, 4, 0, 0, 0, 0, 0, 0, 0, 0, 0, 0, 0, 0, 0, 0, 0]
1:6:106:InsertNewForward(pName,1):6:[5, 2, 0, 0, 4, 0, 0, 0, 0, 0, 0, 0, 0, 0, 0, 0, 0, 0, 0, 0]
6:1:108:!(scala.actors.Channel@bf01,true):7:[5, 2, 0, 0, 4, 0, 2, 0, 0, 0, 0, 0, 0, 0, 0, 0, 0, 0, 0, 0]
2:6:107:InsertNewForward(pName,1):8:[6, 0, 2, 0, 4, 0, 0, 0, 0, 0, 0, 0, 0, 0, 0, 0, 0, 0, 0, 0]
6:2:110:!(scala.actors.Channel@be8d,false):9:[6, 2, 2, 0, 4, 0, 4, 0, 0, 0, 0, 0, 0, 0, 0, 0, 0, 0, 0, 0]
1:7:109:Reg(1):10:[5, 4, 0, 0, 4, 0, 2, 0, 0, 0, 0, 0, 0, 0, 0, 0, 0, 0, 0, 0]
7:4:112:isProcessAlive(1):11:[5, 4, 0, 0, 4, 0, 2, 2, 0, 0, 0, 0, 0, 0, 0, 0, 0, 0, 0, 0]
4:7:113:!(scala.actors.Channel@bd45,false):12:[5, 4, 0, 0, 6, 0, 2, 2, 0, 0, 0, 0, 0, 0, 0, 0, 0, 0, 0, 0]
7:6:115:InsertNewBackward(1,samira.procreg.Monitor@bd4e):13:[5, 4, 0, 0, 6, 0, 2, 5, 0, 0, 0, 0, 0, 0, 0, 0, 0, 0, 0, 0]
6:7:116:!(scala.actors.Channel@bd26,true):14:[6, 4, 2, 0, 6, 0, 6, 5, 0, 0, 0, 0, 0, 0, 0, 0, 0, 0, 0, 0]
2:7:111:Where(pName):15:[6, 2, 4, 0, 4, 0, 4, 0, 0, 0, 0, 0, 0, 0, 0, 0, 0, 0, 0, 0]
7:6:117:Lookup(pName):16:[6, 4, 4, 0, 6, 0, 6, 8, 0, 0, 0, 0, 0, 0, 0, 0, 0, 0, 0, 0]
6:7:118:!(scala.actors.Channel@bcaf,1):17:[6, 4, 4, 0, 6, 0, 8, 8, 0, 0, 0, 0, 0, 0, 0, 0, 0, 0, 0, 0]
7:4:119:isProcessAlive(1):18:[6, 4, 4, 0, 6, 0, 8, 10, 0, 0, 0, 0, 0, 0, 0, 0, 0, 0, 0, 0]
4:7:120:!(scala.actors.Channel@bd26,false):19:[6, 4, 4, 0, 8, 0, 8, 10, 0, 0, 0, 0, 0, 0, 0, 0, 0, 0, 0, 0]
7:2:121:!(scala.actors.Channel@bda5,-1):20:[6, 4, 4, 0, 8, 0, 8, 12, 0, 0, 0, 0, 0, 0, 0, 0, 0, 0, 0, 0]
2:7:122:Audit(pName):21:[6, 4, 6, 0, 8, 0, 8, 12, 0, 0, 0, 0, 0, 0, 0, 0, 0, 0, 0, 0]
7:6:123:Lookup(pName):46:[6, 4, 6, 0, 8, 0, 8, 14, 0, 0, 0, 0, 0, 0, 0, 0, 0, 0, 0, 0]
6:7:124:!(scala.actors.Channel@bd45,1):47:[6, 4, 6, 0, 8, 0, 10, 14, 0, 0, 0, 0, 0, 0, 0, 0, 0, 0, 0, 0]
7:4:125:isProcessAlive(1):48:[6, 4, 6, 0, 8, 0, 10, 16, 0, 0, 0, 0, 0, 0, 0, 0, 0, 0, 0, 0]
4:7:126:!(scala.actors.Channel@bcaf,false):49:[6, 4, 6, 0, 10, 0, 10, 16, 0, 0, 0, 0, 0, 0, 0, 0, 0, 0, 0, 0]
7:6:127:DeleteEntry(1):50:[6, 4, 6, 0, 10, 0, 10, 18, 0, 0, 0, 0, 0, 0, 0, 0, 0, 0, 0, 0]
6:7:128:!(scala.actors.Channel@bd26,()):51:[6, 4, 6, 0, 10, 0, 12, 18, 0, 0, 0, 0, 0, 0, 0, 0, 0, 0, 0, 0]
7:2:129:!(scala.actors.Channel@be8d,()):52:[6, 4, 6, 0, 10, 0, 12, 20, 0, 0, 0, 0, 0, 0, 0, 0, 0, 0, 0, 0]
2:6:130:InsertNewForward(pName,1):53:[6, 4, 8, 0, 10, 0, 12, 20, 0, 0, 0, 0, 0, 0, 0, 0, 0, 0, 0, 0]
6:2:131:!(scala.actors.Channel@bda5,true):54:[6, 4, 8, 0, 10, 0, 14, 20, 0, 0, 0, 0, 0, 0, 0, 0, 0, 0, 0, 0]
7:7:114:Down(1):55:[5, 4, 0, 0, 6, 0, 2, 4, 0, 0, 0, 0, 0, 0, 0, 0, 0, 0, 0, 0]
7:6:133:GetMatch(1):56:[6, 4, 6, 0, 10, 0, 12, 22, 0, 0, 0, 0, 0, 0, 0, 0, 0, 0, 0, 0]
6:7:134:!(scala.actors.Channel@bd45,None):57:[6, 4, 8, 0, 10, 0, 16, 22, 0, 0, 0, 0, 0, 0, 0, 0, 0, 0, 0, 0]
2:7:132:Reg(1):58:[6, 4, 10, 0, 10, 0, 14, 20, 0, 0, 0, 0, 0, 0, 0, 0, 0, 0, 0, 0]
7:4:135:isProcessAlive(1):59:[6, 4, 10, 0, 10, 0, 16, 25, 0, 0, 0, 0, 0, 0, 0, 0, 0, 0, 0, 0]
4:7:136:!(scala.actors.Channel@bd26,false):60:[6, 4, 10, 0, 12, 0, 16, 25, 0, 0, 0, 0, 0, 0, 0, 0, 0, 0, 0, 0]
7:6:138:InsertNewBackward(1,samira.procreg.Monitor@bd4e):61:[6, 4, 10, 0, 12, 0, 16, 28, 0, 0, 0, 0, 0, 0, 0, 0, 0, 0, 0, 0]
6:7:139:!(scala.actors.Channel@bcaf,true):62:[6, 4, 10, 0, 12, 0, 18, 28, 0, 0, 0, 0, 0, 0, 0, 0, 0, 0, 0, 0]
7:7:137:Down(1):63:[6, 4, 10, 0, 12, 0, 16, 27, 0, 0, 0, 0, 0, 0, 0, 0, 0, 0, 0, 0]
7:6:140:GetMatch(1):64:[6, 4, 10, 0, 12, 0, 18, 31, 0, 0, 0, 0, 0, 0, 0, 0, 0, 0, 0, 0]
6:7:141:!(scala.actors.Channel@bd45,Some(samira.procreg.Monitor@bd4e)):65:[6, 4, 10, 0, 12, 0, 20, 31, 0, 0, 0, 0, 0, 0, 0, 0, 0, 0, 0, 0]
7:6:142:DeleteEntry(1):66:[6, 4, 10, 0, 12, 0, 20, 33, 0, 0, 0, 0, 0, 0, 0, 0, 0, 0, 0, 0]
6:7:143:!(scala.actors.Channel@bcaf,()):67:[6, 4, 10, 0, 12, 0, 22, 33, 0, 0, 0, 0, 0, 0, 0, 0, 0, 0, 0, 0]
##BUG:NO_BUG:3:4sec:44
0:4:100:spawn(pName):0:[1, 0, 0, 0, 0, 0, 0, 0, 0, 0, 0, 0, 0, 0, 0, 0, 0, 0, 0, 0]
4:0:101:!(scala.actors.Channel@ba76,1):1:[1, 0, 0, 0, 2, 0, 0, 0, 0, 0, 0, 0, 0, 0, 0, 0, 0, 0, 0, 0]
0:4:102:kill(1):2:[3, 0, 0, 0, 2, 0, 0, 0, 0, 0, 0, 0, 0, 0, 0, 0, 0, 0, 0, 0]
4:0:103:!(scala.actors.Channel@bfde,()):3:[3, 0, 0, 0, 4, 0, 0, 0, 0, 0, 0, 0, 0, 0, 0, 0, 0, 0, 0, 0]
0:1:104:Register(pName,1):4:[5, 0, 0, 0, 4, 0, 0, 0, 0, 0, 0, 0, 0, 0, 0, 0, 0, 0, 0, 0]
0:2:105:Register(pName,1):5:[6, 0, 0, 0, 4, 0, 0, 0, 0, 0, 0, 0, 0, 0, 0, 0, 0, 0, 0, 0]
1:6:106:InsertNewForward(pName,1):6:[5, 2, 0, 0, 4, 0, 0, 0, 0, 0, 0, 0, 0, 0, 0, 0, 0, 0, 0, 0]
6:1:108:!(scala.actors.Channel@bf01,true):7:[5, 2, 0, 0, 4, 0, 2, 0, 0, 0, 0, 0, 0, 0, 0, 0, 0, 0, 0, 0]
2:6:107:InsertNewForward(pName,1):8:[6, 0, 2, 0, 4, 0, 0, 0, 0, 0, 0, 0, 0, 0, 0, 0, 0, 0, 0, 0]
6:2:110:!(scala.actors.Channel@be8d,false):9:[6, 2, 2, 0, 4, 0, 4, 0, 0, 0, 0, 0, 0, 0, 0, 0, 0, 0, 0, 0]
1:7:109:Reg(1):10:[5, 4, 0, 0, 4, 0, 2, 0, 0, 0, 0, 0, 0, 0, 0, 0, 0, 0, 0, 0]
7:4:112:isProcessAlive(1):11:[5, 4, 0, 0, 4, 0, 2, 2, 0, 0, 0, 0, 0, 0, 0, 0, 0, 0, 0, 0]
4:7:113:!(scala.actors.Channel@bd45,false):12:[5, 4, 0, 0, 6, 0, 2, 2, 0, 0, 0, 0, 0, 0, 0, 0, 0, 0, 0, 0]
7:6:115:InsertNewBackward(1,samira.procreg.Monitor@bd4e):13:[5, 4, 0, 0, 6, 0, 2, 5, 0, 0, 0, 0, 0, 0, 0, 0, 0, 0, 0, 0]
6:7:116:!(scala.actors.Channel@bd26,true):14:[6, 4, 2, 0, 6, 0, 6, 5, 0, 0, 0, 0, 0, 0, 0, 0, 0, 0, 0, 0]
2:7:111:Where(pName):15:[6, 2, 4, 0, 4, 0, 4, 0, 0, 0, 0, 0, 0, 0, 0, 0, 0, 0, 0, 0]
7:6:117:Lookup(pName):16:[6, 4, 4, 0, 6, 0, 6, 8, 0, 0, 0, 0, 0, 0, 0, 0, 0, 0, 0, 0]
6:7:118:!(scala.actors.Channel@bcaf,1):17:[6, 4, 4, 0, 6, 0, 8, 8, 0, 0, 0, 0, 0, 0, 0, 0, 0, 0, 0, 0]
7:4:119:isProcessAlive(1):18:[6, 4, 4, 0, 6, 0, 8, 10, 0, 0, 0, 0, 0, 0, 0, 0, 0, 0, 0, 0]
4:7:120:!(scala.actors.Channel@bd26,false):19:[6, 4, 4, 0, 8, 0, 8, 10, 0, 0, 0, 0, 0, 0, 0, 0, 0, 0, 0, 0]
7:2:121:!(scala.actors.Channel@bda5,-1):20:[6, 4, 4, 0, 8, 0, 8, 12, 0, 0, 0, 0, 0, 0, 0, 0, 0, 0, 0, 0]
2:7:122:Audit(pName):21:[6, 4, 6, 0, 8, 0, 8, 12, 0, 0, 0, 0, 0, 0, 0, 0, 0, 0, 0, 0]
7:6:123:Lookup(pName):46:[6, 4, 6, 0, 8, 0, 8, 14, 0, 0, 0, 0, 0, 0, 0, 0, 0, 0, 0, 0]
6:7:124:!(scala.actors.Channel@bd45,1):47:[6, 4, 6, 0, 8, 0, 10, 14, 0, 0, 0, 0, 0, 0, 0, 0, 0, 0, 0, 0]
7:4:125:isProcessAlive(1):48:[6, 4, 6, 0, 8, 0, 10, 16, 0, 0, 0, 0, 0, 0, 0, 0, 0, 0, 0, 0]
4:7:126:!(scala.actors.Channel@bcaf,false):49:[6, 4, 6, 0, 10, 0, 10, 16, 0, 0, 0, 0, 0, 0, 0, 0, 0, 0, 0, 0]
7:6:127:DeleteEntry(1):50:[6, 4, 6, 0, 10, 0, 10, 18, 0, 0, 0, 0, 0, 0, 0, 0, 0, 0, 0, 0]
6:7:128:!(scala.actors.Channel@bd26,()):51:[6, 4, 6, 0, 10, 0, 12, 18, 0, 0, 0, 0, 0, 0, 0, 0, 0, 0, 0, 0]
7:2:129:!(scala.actors.Channel@be8d,()):52:[6, 4, 6, 0, 10, 0, 12, 20, 0, 0, 0, 0, 0, 0, 0, 0, 0, 0, 0, 0]
2:6:130:InsertNewForward(pName,1):53:[6, 4, 8, 0, 10, 0, 12, 20, 0, 0, 0, 0, 0, 0, 0, 0, 0, 0, 0, 0]
6:2:131:!(scala.actors.Channel@bda5,true):54:[6, 4, 8, 0, 10, 0, 14, 20, 0, 0, 0, 0, 0, 0, 0, 0, 0, 0, 0, 0]
2:7:132:Reg(1):55:[6, 4, 10, 0, 10, 0, 14, 20, 0, 0, 0, 0, 0, 0, 0, 0, 0, 0, 0, 0]
7:4:133:isProcessAlive(1):68:[6, 4, 10, 0, 10, 0, 14, 22, 0, 0, 0, 0, 0, 0, 0, 0, 0, 0, 0, 0]
4:7:134:!(scala.actors.Channel@bd45,false):69:[6, 4, 10, 0, 12, 0, 14, 22, 0, 0, 0, 0, 0, 0, 0, 0, 0, 0, 0, 0]
7:6:136:InsertNewBackward(1,samira.procreg.Monitor@bd4e):70:[6, 4, 10, 0, 12, 0, 14, 25, 0, 0, 0, 0, 0, 0, 0, 0, 0, 0, 0, 0]
6:7:137:!(scala.actors.Channel@bd26,true):71:[6, 4, 10, 0, 12, 0, 16, 25, 0, 0, 0, 0, 0, 0, 0, 0, 0, 0, 0, 0]
7:7:114:Down(1):72:[5, 4, 0, 0, 6, 0, 2, 4, 0, 0, 0, 0, 0, 0, 0, 0, 0, 0, 0, 0]
7:6:138:GetMatch(1):73:[6, 4, 10, 0, 12, 0, 16, 28, 0, 0, 0, 0, 0, 0, 0, 0, 0, 0, 0, 0]
6:7:139:!(scala.actors.Channel@bcaf,Some(samira.procreg.Monitor@bd4e)):74:[6, 4, 10, 0, 12, 0, 18, 28, 0, 0, 0, 0, 0, 0, 0, 0, 0, 0, 0, 0]
7:6:140:DeleteEntry(1):75:[6, 4, 10, 0, 12, 0, 18, 30, 0, 0, 0, 0, 0, 0, 0, 0, 0, 0, 0, 0]
6:7:141:!(scala.actors.Channel@bd26,()):76:[6, 4, 10, 0, 12, 0, 20, 30, 0, 0, 0, 0, 0, 0, 0, 0, 0, 0, 0, 0]
7:7:135:Down(1):77:[6, 4, 10, 0, 12, 0, 14, 24, 0, 0, 0, 0, 0, 0, 0, 0, 0, 0, 0, 0]
7:6:142:GetMatch(1):78:[6, 4, 10, 0, 12, 0, 20, 33, 0, 0, 0, 0, 0, 0, 0, 0, 0, 0, 0, 0]
6:7:143:!(scala.actors.Channel@bcaf,None):79:[6, 4, 10, 0, 12, 0, 22, 33, 0, 0, 0, 0, 0, 0, 0, 0, 0, 0, 0, 0]
##BUG:NO_BUG:4:5sec:44
0:4:100:spawn(pName):0:[1, 0, 0, 0, 0, 0, 0, 0, 0, 0, 0, 0, 0, 0, 0, 0, 0, 0, 0, 0]
4:0:101:!(scala.actors.Channel@ba76,1):1:[1, 0, 0, 0, 2, 0, 0, 0, 0, 0, 0, 0, 0, 0, 0, 0, 0, 0, 0, 0]
0:4:102:kill(1):2:[3, 0, 0, 0, 2, 0, 0, 0, 0, 0, 0, 0, 0, 0, 0, 0, 0, 0, 0, 0]
4:0:103:!(scala.actors.Channel@bfde,()):3:[3, 0, 0, 0, 4, 0, 0, 0, 0, 0, 0, 0, 0, 0, 0, 0, 0, 0, 0, 0]
0:1:104:Register(pName,1):4:[5, 0, 0, 0, 4, 0, 0, 0, 0, 0, 0, 0, 0, 0, 0, 0, 0, 0, 0, 0]
0:2:105:Register(pName,1):5:[6, 0, 0, 0, 4, 0, 0, 0, 0, 0, 0, 0, 0, 0, 0, 0, 0, 0, 0, 0]
1:6:106:InsertNewForward(pName,1):6:[5, 2, 0, 0, 4, 0, 0, 0, 0, 0, 0, 0, 0, 0, 0, 0, 0, 0, 0, 0]
6:1:108:!(scala.actors.Channel@bf01,true):7:[5, 2, 0, 0, 4, 0, 2, 0, 0, 0, 0, 0, 0, 0, 0, 0, 0, 0, 0, 0]
2:6:107:InsertNewForward(pName,1):8:[6, 0, 2, 0, 4, 0, 0, 0, 0, 0, 0, 0, 0, 0, 0, 0, 0, 0, 0, 0]
6:2:110:!(scala.actors.Channel@be8d,false):9:[6, 2, 2, 0, 4, 0, 4, 0, 0, 0, 0, 0, 0, 0, 0, 0, 0, 0, 0, 0]
1:7:109:Reg(1):10:[5, 4, 0, 0, 4, 0, 2, 0, 0, 0, 0, 0, 0, 0, 0, 0, 0, 0, 0, 0]
7:4:112:isProcessAlive(1):11:[5, 4, 0, 0, 4, 0, 2, 2, 0, 0, 0, 0, 0, 0, 0, 0, 0, 0, 0, 0]
4:7:113:!(scala.actors.Channel@bd45,false):12:[5, 4, 0, 0, 6, 0, 2, 2, 0, 0, 0, 0, 0, 0, 0, 0, 0, 0, 0, 0]
7:6:115:InsertNewBackward(1,samira.procreg.Monitor@bd4e):13:[5, 4, 0, 0, 6, 0, 2, 5, 0, 0, 0, 0, 0, 0, 0, 0, 0, 0, 0, 0]
6:7:116:!(scala.actors.Channel@bd26,true):14:[6, 4, 2, 0, 6, 0, 6, 5, 0, 0, 0, 0, 0, 0, 0, 0, 0, 0, 0, 0]
2:7:111:Where(pName):15:[6, 2, 4, 0, 4, 0, 4, 0, 0, 0, 0, 0, 0, 0, 0, 0, 0, 0, 0, 0]
7:6:117:Lookup(pName):16:[6, 4, 4, 0, 6, 0, 6, 8, 0, 0, 0, 0, 0, 0, 0, 0, 0, 0, 0, 0]
6:7:118:!(scala.actors.Channel@bcaf,1):17:[6, 4, 4, 0, 6, 0, 8, 8, 0, 0, 0, 0, 0, 0, 0, 0, 0, 0, 0, 0]
7:4:119:isProcessAlive(1):18:[6, 4, 4, 0, 6, 0, 8, 10, 0, 0, 0, 0, 0, 0, 0, 0, 0, 0, 0, 0]
4:7:120:!(scala.actors.Channel@bd26,false):19:[6, 4, 4, 0, 8, 0, 8, 10, 0, 0, 0, 0, 0, 0, 0, 0, 0, 0, 0, 0]
7:2:121:!(scala.actors.Channel@bda5,-1):20:[6, 4, 4, 0, 8, 0, 8, 12, 0, 0, 0, 0, 0, 0, 0, 0, 0, 0, 0, 0]
2:7:122:Audit(pName):21:[6, 4, 6, 0, 8, 0, 8, 12, 0, 0, 0, 0, 0, 0, 0, 0, 0, 0, 0, 0]
7:6:123:Lookup(pName):46:[6, 4, 6, 0, 8, 0, 8, 14, 0, 0, 0, 0, 0, 0, 0, 0, 0, 0, 0, 0]
6:7:124:!(scala.actors.Channel@bd45,1):47:[6, 4, 6, 0, 8, 0, 10, 14, 0, 0, 0, 0, 0, 0, 0, 0, 0, 0, 0, 0]
7:4:125:isProcessAlive(1):48:[6, 4, 6, 0, 8, 0, 10, 16, 0, 0, 0, 0, 0, 0, 0, 0, 0, 0, 0, 0]
4:7:126:!(scala.actors.Channel@bcaf,false):49:[6, 4, 6, 0, 10, 0, 10, 16, 0, 0, 0, 0, 0, 0, 0, 0, 0, 0, 0, 0]
7:6:127:DeleteEntry(1):50:[6, 4, 6, 0, 10, 0, 10, 18, 0, 0, 0, 0, 0, 0, 0, 0, 0, 0, 0, 0]
6:7:128:!(scala.actors.Channel@bd26,()):51:[6, 4, 6, 0, 10, 0, 12, 18, 0, 0, 0, 0, 0, 0, 0, 0, 0, 0, 0, 0]
7:2:129:!(scala.actors.Channel@be8d,()):52:[6, 4, 6, 0, 10, 0, 12, 20, 0, 0, 0, 0, 0, 0, 0, 0, 0, 0, 0, 0]
7:7:114:Down(1):53:[5, 4, 0, 0, 6, 0, 2, 4, 0, 0, 0, 0, 0, 0, 0, 0, 0, 0, 0, 0]
2:6:130:InsertNewForward(pName,1):80:[6, 4, 8, 0, 10, 0, 12, 20, 0, 0, 0, 0, 0, 0, 0, 0, 0, 0, 0, 0]
6:2:132:!(scala.actors.Channel@bda5,true):81:[6, 4, 8, 0, 10, 0, 14, 20, 0, 0, 0, 0, 0, 0, 0, 0, 0, 0, 0, 0]
7:6:131:GetMatch(1):82:[6, 4, 6, 0, 10, 0, 12, 22, 0, 0, 0, 0, 0, 0, 0, 0, 0, 0, 0, 0]
6:7:134:!(scala.actors.Channel@bd45,None):83:[6, 4, 8, 0, 10, 0, 16, 22, 0, 0, 0, 0, 0, 0, 0, 0, 0, 0, 0, 0]
2:7:133:Reg(1):84:[6, 4, 10, 0, 10, 0, 14, 20, 0, 0, 0, 0, 0, 0, 0, 0, 0, 0, 0, 0]
7:4:135:isProcessAlive(1):85:[6, 4, 10, 0, 10, 0, 16, 25, 0, 0, 0, 0, 0, 0, 0, 0, 0, 0, 0, 0]
4:7:136:!(scala.actors.Channel@bd26,false):86:[6, 4, 10, 0, 12, 0, 16, 25, 0, 0, 0, 0, 0, 0, 0, 0, 0, 0, 0, 0]
7:6:138:InsertNewBackward(1,samira.procreg.Monitor@bd4e):87:[6, 4, 10, 0, 12, 0, 16, 28, 0, 0, 0, 0, 0, 0, 0, 0, 0, 0, 0, 0]
6:7:139:!(scala.actors.Channel@bcaf,true):88:[6, 4, 10, 0, 12, 0, 18, 28, 0, 0, 0, 0, 0, 0, 0, 0, 0, 0, 0, 0]
7:7:137:Down(1):89:[6, 4, 10, 0, 12, 0, 16, 27, 0, 0, 0, 0, 0, 0, 0, 0, 0, 0, 0, 0]
7:6:140:GetMatch(1):90:[6, 4, 10, 0, 12, 0, 18, 31, 0, 0, 0, 0, 0, 0, 0, 0, 0, 0, 0, 0]
6:7:141:!(scala.actors.Channel@bd45,Some(samira.procreg.Monitor@bd4e)):91:[6, 4, 10, 0, 12, 0, 20, 31, 0, 0, 0, 0, 0, 0, 0, 0, 0, 0, 0, 0]
7:6:142:DeleteEntry(1):92:[6, 4, 10, 0, 12, 0, 20, 33, 0, 0, 0, 0, 0, 0, 0, 0, 0, 0, 0, 0]
6:7:143:!(scala.actors.Channel@bcaf,()):93:[6, 4, 10, 0, 12, 0, 22, 33, 0, 0, 0, 0, 0, 0, 0, 0, 0, 0, 0, 0]
##BUG:NO_BUG:5:6sec:46
0:4:100:spawn(pName):0:[1, 0, 0, 0, 0, 0, 0, 0, 0, 0, 0, 0, 0, 0, 0, 0, 0, 0, 0, 0]
4:0:101:!(scala.actors.Channel@ba76,1):1:[1, 0, 0, 0, 2, 0, 0, 0, 0, 0, 0, 0, 0, 0, 0, 0, 0, 0, 0, 0]
0:4:102:kill(1):2:[3, 0, 0, 0, 2, 0, 0, 0, 0, 0, 0, 0, 0, 0, 0, 0, 0, 0, 0, 0]
4:0:103:!(scala.actors.Channel@bfde,()):3:[3, 0, 0, 0, 4, 0, 0, 0, 0, 0, 0, 0, 0, 0, 0, 0, 0, 0, 0, 0]
0:1:104:Register(pName,1):4:[5, 0, 0, 0, 4, 0, 0, 0, 0, 0, 0, 0, 0, 0, 0, 0, 0, 0, 0, 0]
0:2:105:Register(pName,1):5:[6, 0, 0, 0, 4, 0, 0, 0, 0, 0, 0, 0, 0, 0, 0, 0, 0, 0, 0, 0]
1:6:106:InsertNewForward(pName,1):6:[5, 2, 0, 0, 4, 0, 0, 0, 0, 0, 0, 0, 0, 0, 0, 0, 0, 0, 0, 0]
6:1:108:!(scala.actors.Channel@bf01,true):7:[5, 2, 0, 0, 4, 0, 2, 0, 0, 0, 0, 0, 0, 0, 0, 0, 0, 0, 0, 0]
2:6:107:InsertNewForward(pName,1):8:[6, 0, 2, 0, 4, 0, 0, 0, 0, 0, 0, 0, 0, 0, 0, 0, 0, 0, 0, 0]
6:2:110:!(scala.actors.Channel@be8d,false):9:[6, 2, 2, 0, 4, 0, 4, 0, 0, 0, 0, 0, 0, 0, 0, 0, 0, 0, 0, 0]
1:7:109:Reg(1):10:[5, 4, 0, 0, 4, 0, 2, 0, 0, 0, 0, 0, 0, 0, 0, 0, 0, 0, 0, 0]
7:4:112:isProcessAlive(1):11:[5, 4, 0, 0, 4, 0, 2, 2, 0, 0, 0, 0, 0, 0, 0, 0, 0, 0, 0, 0]
4:7:113:!(scala.actors.Channel@bd45,false):12:[5, 4, 0, 0, 6, 0, 2, 2, 0, 0, 0, 0, 0, 0, 0, 0, 0, 0, 0, 0]
7:6:115:InsertNewBackward(1,samira.procreg.Monitor@bd4e):13:[5, 4, 0, 0, 6, 0, 2, 5, 0, 0, 0, 0, 0, 0, 0, 0, 0, 0, 0, 0]
6:7:116:!(scala.actors.Channel@bd26,true):14:[6, 4, 2, 0, 6, 0, 6, 5, 0, 0, 0, 0, 0, 0, 0, 0, 0, 0, 0, 0]
7:7:114:Down(1):15:[5, 4, 0, 0, 6, 0, 2, 4, 0, 0, 0, 0, 0, 0, 0, 0, 0, 0, 0, 0]
7:6:117:GetMatch(1):94:[6, 4, 2, 0, 6, 0, 6, 8, 0, 0, 0, 0, 0, 0, 0, 0, 0, 0, 0, 0]
6:7:118:!(scala.actors.Channel@bcaf,Some(samira.procreg.Monitor@bd4e)):95:[6, 4, 2, 0, 6, 0, 8, 8, 0, 0, 0, 0, 0, 0, 0, 0, 0, 0, 0, 0]
7:6:119:DeleteEntry(1):96:[6, 4, 2, 0, 6, 0, 8, 10, 0, 0, 0, 0, 0, 0, 0, 0, 0, 0, 0, 0]
6:7:120:!(scala.actors.Channel@bd26,()):97:[6, 4, 2, 0, 6, 0, 10, 10, 0, 0, 0, 0, 0, 0, 0, 0, 0, 0, 0, 0]
2:7:111:Where(pName):98:[6, 2, 4, 0, 4, 0, 4, 0, 0, 0, 0, 0, 0, 0, 0, 0, 0, 0, 0, 0]
7:6:121:Lookup(pName):99:[6, 4, 4, 0, 6, 0, 10, 13, 0, 0, 0, 0, 0, 0, 0, 0, 0, 0, 0, 0]
6:7:122:!(scala.actors.Channel@bcaf,-1):100:[6, 4, 4, 0, 6, 0, 12, 13, 0, 0, 0, 0, 0, 0, 0, 0, 0, 0, 0, 0]
7:4:123:isProcessAlive(-1):101:[6, 4, 4, 0, 6, 0, 12, 15, 0, 0, 0, 0, 0, 0, 0, 0, 0, 0, 0, 0]
4:7:124:!(scala.actors.Channel@bd26,false):102:[6, 4, 4, 0, 8, 0, 12, 15, 0, 0, 0, 0, 0, 0, 0, 0, 0, 0, 0, 0]
7:2:125:!(scala.actors.Channel@bda5,-1):103:[6, 4, 4, 0, 8, 0, 12, 17, 0, 0, 0, 0, 0, 0, 0, 0, 0, 0, 0, 0]
2:7:126:Audit(pName):104:[6, 4, 6, 0, 8, 0, 12, 17, 0, 0, 0, 0, 0, 0, 0, 0, 0, 0, 0, 0]
7:6:127:Lookup(pName):105:[6, 4, 6, 0, 8, 0, 12, 19, 0, 0, 0, 0, 0, 0, 0, 0, 0, 0, 0, 0]
6:7:128:!(scala.actors.Channel@bd45,-1):106:[6, 4, 6, 0, 8, 0, 14, 19, 0, 0, 0, 0, 0, 0, 0, 0, 0, 0, 0, 0]
7:4:129:isProcessAlive(-1):107:[6, 4, 6, 0, 8, 0, 14, 21, 0, 0, 0, 0, 0, 0, 0, 0, 0, 0, 0, 0]
4:7:130:!(scala.actors.Channel@bcaf,false):108:[6, 4, 6, 0, 10, 0, 14, 21, 0, 0, 0, 0, 0, 0, 0, 0, 0, 0, 0, 0]
7:6:131:DeleteEntry(-1):109:[6, 4, 6, 0, 10, 0, 14, 23, 0, 0, 0, 0, 0, 0, 0, 0, 0, 0, 0, 0]
6:7:132:!(scala.actors.Channel@bd26,()):110:[6, 4, 6, 0, 10, 0, 16, 23, 0, 0, 0, 0, 0, 0, 0, 0, 0, 0, 0, 0]
7:2:133:!(scala.actors.Channel@be8d,()):111:[6, 4, 6, 0, 10, 0, 16, 25, 0, 0, 0, 0, 0, 0, 0, 0, 0, 0, 0, 0]
2:6:134:InsertNewForward(pName,1):112:[6, 4, 8, 0, 10, 0, 16, 25, 0, 0, 0, 0, 0, 0, 0, 0, 0, 0, 0, 0]
6:2:135:!(scala.actors.Channel@bda5,true):113:[6, 4, 8, 0, 10, 0, 18, 25, 0, 0, 0, 0, 0, 0, 0, 0, 0, 0, 0, 0]
2:7:136:Reg(1):114:[6, 4, 10, 0, 10, 0, 18, 25, 0, 0, 0, 0, 0, 0, 0, 0, 0, 0, 0, 0]
7:4:137:isProcessAlive(1):115:[6, 4, 10, 0, 10, 0, 18, 27, 0, 0, 0, 0, 0, 0, 0, 0, 0, 0, 0, 0]
4:7:138:!(scala.actors.Channel@bd45,false):116:[6, 4, 10, 0, 12, 0, 18, 27, 0, 0, 0, 0, 0, 0, 0, 0, 0, 0, 0, 0]
7:6:140:InsertNewBackward(1,samira.procreg.Monitor@bd4e):117:[6, 4, 10, 0, 12, 0, 18, 30, 0, 0, 0, 0, 0, 0, 0, 0, 0, 0, 0, 0]
6:7:141:!(scala.actors.Channel@bd26,true):118:[6, 4, 10, 0, 12, 0, 20, 30, 0, 0, 0, 0, 0, 0, 0, 0, 0, 0, 0, 0]
7:7:139:Down(1):119:[6, 4, 10, 0, 12, 0, 18, 29, 0, 0, 0, 0, 0, 0, 0, 0, 0, 0, 0, 0]
7:6:142:GetMatch(1):120:[6, 4, 10, 0, 12, 0, 20, 33, 0, 0, 0, 0, 0, 0, 0, 0, 0, 0, 0, 0]
6:7:143:!(scala.actors.Channel@bcaf,Some(samira.procreg.Monitor@bd4e)):121:[6, 4, 10, 0, 12, 0, 22, 33, 0, 0, 0, 0, 0, 0, 0, 0, 0, 0, 0, 0]
7:6:144:DeleteEntry(1):122:[6, 4, 10, 0, 12, 0, 22, 35, 0, 0, 0, 0, 0, 0, 0, 0, 0, 0, 0, 0]
6:7:145:!(scala.actors.Channel@bd26,()):123:[6, 4, 10, 0, 12, 0, 24, 35, 0, 0, 0, 0, 0, 0, 0, 0, 0, 0, 0, 0]
##BUG:NO_BUG:6:7sec:44
0:4:100:spawn(pName):0:[1, 0, 0, 0, 0, 0, 0, 0, 0, 0, 0, 0, 0, 0, 0, 0, 0, 0, 0, 0]
4:0:101:!(scala.actors.Channel@ba76,1):1:[1, 0, 0, 0, 2, 0, 0, 0, 0, 0, 0, 0, 0, 0, 0, 0, 0, 0, 0, 0]
0:4:102:kill(1):2:[3, 0, 0, 0, 2, 0, 0, 0, 0, 0, 0, 0, 0, 0, 0, 0, 0, 0, 0, 0]
4:0:103:!(scala.actors.Channel@bfde,()):3:[3, 0, 0, 0, 4, 0, 0, 0, 0, 0, 0, 0, 0, 0, 0, 0, 0, 0, 0, 0]
0:1:104:Register(pName,1):4:[5, 0, 0, 0, 4, 0, 0, 0, 0, 0, 0, 0, 0, 0, 0, 0, 0, 0, 0, 0]
0:2:105:Register(pName,1):5:[6, 0, 0, 0, 4, 0, 0, 0, 0, 0, 0, 0, 0, 0, 0, 0, 0, 0, 0, 0]
1:6:106:InsertNewForward(pName,1):6:[5, 2, 0, 0, 4, 0, 0, 0, 0, 0, 0, 0, 0, 0, 0, 0, 0, 0, 0, 0]
6:1:108:!(scala.actors.Channel@bf01,true):7:[5, 2, 0, 0, 4, 0, 2, 0, 0, 0, 0, 0, 0, 0, 0, 0, 0, 0, 0, 0]
2:6:107:InsertNewForward(pName,1):8:[6, 0, 2, 0, 4, 0, 0, 0, 0, 0, 0, 0, 0, 0, 0, 0, 0, 0, 0, 0]
6:2:110:!(scala.actors.Channel@be8d,false):9:[6, 2, 2, 0, 4, 0, 4, 0, 0, 0, 0, 0, 0, 0, 0, 0, 0, 0, 0, 0]
2:7:111:Where(pName):10:[6, 2, 4, 0, 4, 0, 4, 0, 0, 0, 0, 0, 0, 0, 0, 0, 0, 0, 0, 0]
7:6:112:Lookup(pName):124:[6, 2, 4, 0, 4, 0, 4, 2, 0, 0, 0, 0, 0, 0, 0, 0, 0, 0, 0, 0]
6:7:113:!(scala.actors.Channel@bd45,1):125:[6, 2, 4, 0, 4, 0, 6, 2, 0, 0, 0, 0, 0, 0, 0, 0, 0, 0, 0, 0]
7:4:114:isProcessAlive(1):126:[6, 2, 4, 0, 4, 0, 6, 4, 0, 0, 0, 0, 0, 0, 0, 0, 0, 0, 0, 0]
4:7:115:!(scala.actors.Channel@bd26,false):127:[6, 2, 4, 0, 6, 0, 6, 4, 0, 0, 0, 0, 0, 0, 0, 0, 0, 0, 0, 0]
7:2:116:!(scala.actors.Channel@bda5,-1):128:[6, 2, 4, 0, 6, 0, 6, 6, 0, 0, 0, 0, 0, 0, 0, 0, 0, 0, 0, 0]
1:7:109:Reg(1):129:[5, 4, 0, 0, 4, 0, 2, 0, 0, 0, 0, 0, 0, 0, 0, 0, 0, 0, 0, 0]
7:4:118:isProcessAlive(1):130:[6, 4, 4, 0, 6, 0, 6, 8, 0, 0, 0, 0, 0, 0, 0, 0, 0, 0, 0, 0]
4:7:119:!(scala.actors.Channel@bcaf,false):131:[6, 4, 4, 0, 8, 0, 6, 8, 0, 0, 0, 0, 0, 0, 0, 0, 0, 0, 0, 0]
7:6:121:InsertNewBackward(1,samira.procreg.Monitor@bd4e):132:[6, 4, 4, 0, 8, 0, 6, 11, 0, 0, 0, 0, 0, 0, 0, 0, 0, 0, 0, 0]
6:7:122:!(scala.actors.Channel@bd26,true):133:[6, 4, 4, 0, 8, 0, 8, 11, 0, 0, 0, 0, 0, 0, 0, 0, 0, 0, 0, 0]
2:7:117:Audit(pName):134:[6, 2, 6, 0, 6, 0, 6, 6, 0, 0, 0, 0, 0, 0, 0, 0, 0, 0, 0, 0]
7:6:123:Lookup(pName):135:[6, 4, 6, 0, 8, 0, 8, 14, 0, 0, 0, 0, 0, 0, 0, 0, 0, 0, 0, 0]
6:7:124:!(scala.actors.Channel@bd45,1):136:[6, 4, 6, 0, 8, 0, 10, 14, 0, 0, 0, 0, 0, 0, 0, 0, 0, 0, 0, 0]
7:4:125:isProcessAlive(1):137:[6, 4, 6, 0, 8, 0, 10, 16, 0, 0, 0, 0, 0, 0, 0, 0, 0, 0, 0, 0]
4:7:126:!(scala.actors.Channel@bd26,false):138:[6, 4, 6, 0, 10, 0, 10, 16, 0, 0, 0, 0, 0, 0, 0, 0, 0, 0, 0, 0]
7:6:127:DeleteEntry(1):139:[6, 4, 6, 0, 10, 0, 10, 18, 0, 0, 0, 0, 0, 0, 0, 0, 0, 0, 0, 0]
6:7:128:!(scala.actors.Channel@bcaf,()):140:[6, 4, 6, 0, 10, 0, 12, 18, 0, 0, 0, 0, 0, 0, 0, 0, 0, 0, 0, 0]
7:2:129:!(scala.actors.Channel@be8d,()):141:[6, 4, 6, 0, 10, 0, 12, 20, 0, 0, 0, 0, 0, 0, 0, 0, 0, 0, 0, 0]
2:6:130:InsertNewForward(pName,1):142:[6, 4, 8, 0, 10, 0, 12, 20, 0, 0, 0, 0, 0, 0, 0, 0, 0, 0, 0, 0]
6:2:131:!(scala.actors.Channel@bda5,true):143:[6, 4, 8, 0, 10, 0, 14, 20, 0, 0, 0, 0, 0, 0, 0, 0, 0, 0, 0, 0]
7:7:120:Down(1):144:[6, 4, 4, 0, 8, 0, 6, 10, 0, 0, 0, 0, 0, 0, 0, 0, 0, 0, 0, 0]
7:6:133:GetMatch(1):145:[6, 4, 6, 0, 10, 0, 12, 22, 0, 0, 0, 0, 0, 0, 0, 0, 0, 0, 0, 0]
6:7:134:!(scala.actors.Channel@bd45,None):146:[6, 4, 8, 0, 10, 0, 16, 22, 0, 0, 0, 0, 0, 0, 0, 0, 0, 0, 0, 0]
2:7:132:Reg(1):147:[6, 4, 10, 0, 10, 0, 14, 20, 0, 0, 0, 0, 0, 0, 0, 0, 0, 0, 0, 0]
7:4:135:isProcessAlive(1):148:[6, 4, 10, 0, 10, 0, 16, 25, 0, 0, 0, 0, 0, 0, 0, 0, 0, 0, 0, 0]
4:7:136:!(scala.actors.Channel@bcaf,false):149:[6, 4, 10, 0, 12, 0, 16, 25, 0, 0, 0, 0, 0, 0, 0, 0, 0, 0, 0, 0]
7:6:138:InsertNewBackward(1,samira.procreg.Monitor@bd4e):150:[6, 4, 10, 0, 12, 0, 16, 28, 0, 0, 0, 0, 0, 0, 0, 0, 0, 0, 0, 0]
6:7:139:!(scala.actors.Channel@bd26,true):151:[6, 4, 10, 0, 12, 0, 18, 28, 0, 0, 0, 0, 0, 0, 0, 0, 0, 0, 0, 0]
7:7:137:Down(1):152:[6, 4, 10, 0, 12, 0, 16, 27, 0, 0, 0, 0, 0, 0, 0, 0, 0, 0, 0, 0]
7:6:140:GetMatch(1):153:[6, 4, 10, 0, 12, 0, 18, 31, 0, 0, 0, 0, 0, 0, 0, 0, 0, 0, 0, 0]
6:7:141:!(scala.actors.Channel@bd45,Some(samira.procreg.Monitor@bd4e)):154:[6, 4, 10, 0, 12, 0, 20, 31, 0, 0, 0, 0, 0, 0, 0, 0, 0, 0, 0, 0]
7:6:142:DeleteEntry(1):155:[6, 4, 10, 0, 12, 0, 20, 33, 0, 0, 0, 0, 0, 0, 0, 0, 0, 0, 0, 0]
6:7:143:!(scala.actors.Channel@bd26,()):156:[6, 4, 10, 0, 12, 0, 22, 33, 0, 0, 0, 0, 0, 0, 0, 0, 0, 0, 0, 0]
##BUG:NO_BUG:7:8sec:44
0:4:100:spawn(pName):0:[1, 0, 0, 0, 0, 0, 0, 0, 0, 0, 0, 0, 0, 0, 0, 0, 0, 0, 0, 0]
4:0:101:!(scala.actors.Channel@ba76,1):1:[1, 0, 0, 0, 2, 0, 0, 0, 0, 0, 0, 0, 0, 0, 0, 0, 0, 0, 0, 0]
0:4:102:kill(1):2:[3, 0, 0, 0, 2, 0, 0, 0, 0, 0, 0, 0, 0, 0, 0, 0, 0, 0, 0, 0]
4:0:103:!(scala.actors.Channel@bfde,()):3:[3, 0, 0, 0, 4, 0, 0, 0, 0, 0, 0, 0, 0, 0, 0, 0, 0, 0, 0, 0]
0:1:104:Register(pName,1):4:[5, 0, 0, 0, 4, 0, 0, 0, 0, 0, 0, 0, 0, 0, 0, 0, 0, 0, 0, 0]
0:2:105:Register(pName,1):5:[6, 0, 0, 0, 4, 0, 0, 0, 0, 0, 0, 0, 0, 0, 0, 0, 0, 0, 0, 0]
1:6:106:InsertNewForward(pName,1):6:[5, 2, 0, 0, 4, 0, 0, 0, 0, 0, 0, 0, 0, 0, 0, 0, 0, 0, 0, 0]
6:1:108:!(scala.actors.Channel@bf01,true):7:[5, 2, 0, 0, 4, 0, 2, 0, 0, 0, 0, 0, 0, 0, 0, 0, 0, 0, 0, 0]
2:6:107:InsertNewForward(pName,1):8:[6, 0, 2, 0, 4, 0, 0, 0, 0, 0, 0, 0, 0, 0, 0, 0, 0, 0, 0, 0]
6:2:110:!(scala.actors.Channel@be8d,false):9:[6, 2, 2, 0, 4, 0, 4, 0, 0, 0, 0, 0, 0, 0, 0, 0, 0, 0, 0, 0]
2:7:111:Where(pName):10:[6, 2, 4, 0, 4, 0, 4, 0, 0, 0, 0, 0, 0, 0, 0, 0, 0, 0, 0, 0]
7:6:112:Lookup(pName):124:[6, 2, 4, 0, 4, 0, 4, 2, 0, 0, 0, 0, 0, 0, 0, 0, 0, 0, 0, 0]
6:7:113:!(scala.actors.Channel@bd45,1):125:[6, 2, 4, 0, 4, 0, 6, 2, 0, 0, 0, 0, 0, 0, 0, 0, 0, 0, 0, 0]
7:4:114:isProcessAlive(1):126:[6, 2, 4, 0, 4, 0, 6, 4, 0, 0, 0, 0, 0, 0, 0, 0, 0, 0, 0, 0]
4:7:115:!(scala.actors.Channel@bd26,false):127:[6, 2, 4, 0, 6, 0, 6, 4, 0, 0, 0, 0, 0, 0, 0, 0, 0, 0, 0, 0]
7:2:116:!(scala.actors.Channel@bda5,-1):128:[6, 2, 4, 0, 6, 0, 6, 6, 0, 0, 0, 0, 0, 0, 0, 0, 0, 0, 0, 0]
1:7:109:Reg(1):129:[5, 4, 0, 0, 4, 0, 2, 0, 0, 0, 0, 0, 0, 0, 0, 0, 0, 0, 0, 0]
7:4:118:isProcessAlive(1):130:[6, 4, 4, 0, 6, 0, 6, 8, 0, 0, 0, 0, 0, 0, 0, 0, 0, 0, 0, 0]
4:7:119:!(scala.actors.Channel@bcaf,false):131:[6, 4, 4, 0, 8, 0, 6, 8, 0, 0, 0, 0, 0, 0, 0, 0, 0, 0, 0, 0]
7:6:121:InsertNewBackward(1,samira.procreg.Monitor@bd4e):132:[6, 4, 4, 0, 8, 0, 6, 11, 0, 0, 0, 0, 0, 0, 0, 0, 0, 0, 0, 0]
6:7:122:!(scala.actors.Channel@bd26,true):133:[6, 4, 4, 0, 8, 0, 8, 11, 0, 0, 0, 0, 0, 0, 0, 0, 0, 0, 0, 0]
2:7:117:Audit(pName):134:[6, 2, 6, 0, 6, 0, 6, 6, 0, 0, 0, 0, 0, 0, 0, 0, 0, 0, 0, 0]
7:6:123:Lookup(pName):135:[6, 4, 6, 0, 8, 0, 8, 14, 0, 0, 0, 0, 0, 0, 0, 0, 0, 0, 0, 0]
6:7:124:!(scala.actors.Channel@bd45,1):136:[6, 4, 6, 0, 8, 0, 10, 14, 0, 0, 0, 0, 0, 0, 0, 0, 0, 0, 0, 0]
7:4:125:isProcessAlive(1):137:[6, 4, 6, 0, 8, 0, 10, 16, 0, 0, 0, 0, 0, 0, 0, 0, 0, 0, 0, 0]
4:7:126:!(scala.actors.Channel@bd26,false):138:[6, 4, 6, 0, 10, 0, 10, 16, 0, 0, 0, 0, 0, 0, 0, 0, 0, 0, 0, 0]
7:6:127:DeleteEntry(1):139:[6, 4, 6, 0, 10, 0, 10, 18, 0, 0, 0, 0, 0, 0, 0, 0, 0, 0, 0, 0]
6:7:128:!(scala.actors.Channel@bcaf,()):140:[6, 4, 6, 0, 10, 0, 12, 18, 0, 0, 0, 0, 0, 0, 0, 0, 0, 0, 0, 0]
7:2:129:!(scala.actors.Channel@be8d,()):141:[6, 4, 6, 0, 10, 0, 12, 20, 0, 0, 0, 0, 0, 0, 0, 0, 0, 0, 0, 0]
2:6:130:InsertNewForward(pName,1):142:[6, 4, 8, 0, 10, 0, 12, 20, 0, 0, 0, 0, 0, 0, 0, 0, 0, 0, 0, 0]
6:2:131:!(scala.actors.Channel@bda5,true):143:[6, 4, 8, 0, 10, 0, 14, 20, 0, 0, 0, 0, 0, 0, 0, 0, 0, 0, 0, 0]
2:7:132:Reg(1):144:[6, 4, 10, 0, 10, 0, 14, 20, 0, 0, 0, 0, 0, 0, 0, 0, 0, 0, 0, 0]
7:4:133:isProcessAlive(1):157:[6, 4, 10, 0, 10, 0, 14, 22, 0, 0, 0, 0, 0, 0, 0, 0, 0, 0, 0, 0]
4:7:134:!(scala.actors.Channel@bd45,false):158:[6, 4, 10, 0, 12, 0, 14, 22, 0, 0, 0, 0, 0, 0, 0, 0, 0, 0, 0, 0]
7:6:136:InsertNewBackward(1,samira.procreg.Monitor@bd4e):159:[6, 4, 10, 0, 12, 0, 14, 25, 0, 0, 0, 0, 0, 0, 0, 0, 0, 0, 0, 0]
6:7:137:!(scala.actors.Channel@bd26,true):160:[6, 4, 10, 0, 12, 0, 16, 25, 0, 0, 0, 0, 0, 0, 0, 0, 0, 0, 0, 0]
7:7:120:Down(1):161:[6, 4, 4, 0, 8, 0, 6, 10, 0, 0, 0, 0, 0, 0, 0, 0, 0, 0, 0, 0]
7:6:138:GetMatch(1):162:[6, 4, 10, 0, 12, 0, 16, 28, 0, 0, 0, 0, 0, 0, 0, 0, 0, 0, 0, 0]
6:7:139:!(scala.actors.Channel@bcaf,Some(samira.procreg.Monitor@bd4e)):163:[6, 4, 10, 0, 12, 0, 18, 28, 0, 0, 0, 0, 0, 0, 0, 0, 0, 0, 0, 0]
7:6:140:DeleteEntry(1):164:[6, 4, 10, 0, 12, 0, 18, 30, 0, 0, 0, 0, 0, 0, 0, 0, 0, 0, 0, 0]
6:7:141:!(scala.actors.Channel@bd26,()):165:[6, 4, 10, 0, 12, 0, 20, 30, 0, 0, 0, 0, 0, 0, 0, 0, 0, 0, 0, 0]
7:7:135:Down(1):166:[6, 4, 10, 0, 12, 0, 14, 24, 0, 0, 0, 0, 0, 0, 0, 0, 0, 0, 0, 0]
7:6:142:GetMatch(1):167:[6, 4, 10, 0, 12, 0, 20, 33, 0, 0, 0, 0, 0, 0, 0, 0, 0, 0, 0, 0]
6:7:143:!(scala.actors.Channel@bcaf,None):168:[6, 4, 10, 0, 12, 0, 22, 33, 0, 0, 0, 0, 0, 0, 0, 0, 0, 0, 0, 0]
##BUG:NO_BUG:8:8sec:44
0:4:100:spawn(pName):0:[1, 0, 0, 0, 0, 0, 0, 0, 0, 0, 0, 0, 0, 0, 0, 0, 0, 0, 0, 0]
4:0:101:!(scala.actors.Channel@ba76,1):1:[1, 0, 0, 0, 2, 0, 0, 0, 0, 0, 0, 0, 0, 0, 0, 0, 0, 0, 0, 0]
0:4:102:kill(1):2:[3, 0, 0, 0, 2, 0, 0, 0, 0, 0, 0, 0, 0, 0, 0, 0, 0, 0, 0, 0]
4:0:103:!(scala.actors.Channel@bfde,()):3:[3, 0, 0, 0, 4, 0, 0, 0, 0, 0, 0, 0, 0, 0, 0, 0, 0, 0, 0, 0]
0:1:104:Register(pName,1):4:[5, 0, 0, 0, 4, 0, 0, 0, 0, 0, 0, 0, 0, 0, 0, 0, 0, 0, 0, 0]
0:2:105:Register(pName,1):5:[6, 0, 0, 0, 4, 0, 0, 0, 0, 0, 0, 0, 0, 0, 0, 0, 0, 0, 0, 0]
1:6:106:InsertNewForward(pName,1):6:[5, 2, 0, 0, 4, 0, 0, 0, 0, 0, 0, 0, 0, 0, 0, 0, 0, 0, 0, 0]
6:1:108:!(scala.actors.Channel@bf01,true):7:[5, 2, 0, 0, 4, 0, 2, 0, 0, 0, 0, 0, 0, 0, 0, 0, 0, 0, 0, 0]
2:6:107:InsertNewForward(pName,1):8:[6, 0, 2, 0, 4, 0, 0, 0, 0, 0, 0, 0, 0, 0, 0, 0, 0, 0, 0, 0]
6:2:110:!(scala.actors.Channel@be8d,false):9:[6, 2, 2, 0, 4, 0, 4, 0, 0, 0, 0, 0, 0, 0, 0, 0, 0, 0, 0, 0]
2:7:111:Where(pName):10:[6, 2, 4, 0, 4, 0, 4, 0, 0, 0, 0, 0, 0, 0, 0, 0, 0, 0, 0, 0]
7:6:112:Lookup(pName):124:[6, 2, 4, 0, 4, 0, 4, 2, 0, 0, 0, 0, 0, 0, 0, 0, 0, 0, 0, 0]
6:7:113:!(scala.actors.Channel@bd45,1):125:[6, 2, 4, 0, 4, 0, 6, 2, 0, 0, 0, 0, 0, 0, 0, 0, 0, 0, 0, 0]
7:4:114:isProcessAlive(1):126:[6, 2, 4, 0, 4, 0, 6, 4, 0, 0, 0, 0, 0, 0, 0, 0, 0, 0, 0, 0]
4:7:115:!(scala.actors.Channel@bd26,false):127:[6, 2, 4, 0, 6, 0, 6, 4, 0, 0, 0, 0, 0, 0, 0, 0, 0, 0, 0, 0]
7:2:116:!(scala.actors.Channel@bda5,-1):128:[6, 2, 4, 0, 6, 0, 6, 6, 0, 0, 0, 0, 0, 0, 0, 0, 0, 0, 0, 0]
1:7:109:Reg(1):129:[5, 4, 0, 0, 4, 0, 2, 0, 0, 0, 0, 0, 0, 0, 0, 0, 0, 0, 0, 0]
7:4:118:isProcessAlive(1):130:[6, 4, 4, 0, 6, 0, 6, 8, 0, 0, 0, 0, 0, 0, 0, 0, 0, 0, 0, 0]
4:7:119:!(scala.actors.Channel@bcaf,false):131:[6, 4, 4, 0, 8, 0, 6, 8, 0, 0, 0, 0, 0, 0, 0, 0, 0, 0, 0, 0]
7:6:121:InsertNewBackward(1,samira.procreg.Monitor@bd4e):132:[6, 4, 4, 0, 8, 0, 6, 11, 0, 0, 0, 0, 0, 0, 0, 0, 0, 0, 0, 0]
6:7:122:!(scala.actors.Channel@bd26,true):133:[6, 4, 4, 0, 8, 0, 8, 11, 0, 0, 0, 0, 0, 0, 0, 0, 0, 0, 0, 0]
2:7:117:Audit(pName):134:[6, 2, 6, 0, 6, 0, 6, 6, 0, 0, 0, 0, 0, 0, 0, 0, 0, 0, 0, 0]
7:6:123:Lookup(pName):135:[6, 4, 6, 0, 8, 0, 8, 14, 0, 0, 0, 0, 0, 0, 0, 0, 0, 0, 0, 0]
6:7:124:!(scala.actors.Channel@bd45,1):136:[6, 4, 6, 0, 8, 0, 10, 14, 0, 0, 0, 0, 0, 0, 0, 0, 0, 0, 0, 0]
7:4:125:isProcessAlive(1):137:[6, 4, 6, 0, 8, 0, 10, 16, 0, 0, 0, 0, 0, 0, 0, 0, 0, 0, 0, 0]
4:7:126:!(scala.actors.Channel@bd26,false):138:[6, 4, 6, 0, 10, 0, 10, 16, 0, 0, 0, 0, 0, 0, 0, 0, 0, 0, 0, 0]
7:6:127:DeleteEntry(1):139:[6, 4, 6, 0, 10, 0, 10, 18, 0, 0, 0, 0, 0, 0, 0, 0, 0, 0, 0, 0]
6:7:128:!(scala.actors.Channel@bcaf,()):140:[6, 4, 6, 0, 10, 0, 12, 18, 0, 0, 0, 0, 0, 0, 0, 0, 0, 0, 0, 0]
7:2:129:!(scala.actors.Channel@be8d,()):141:[6, 4, 6, 0, 10, 0, 12, 20, 0, 0, 0, 0, 0, 0, 0, 0, 0, 0, 0, 0]
7:7:120:Down(1):142:[6, 4, 4, 0, 8, 0, 6, 10, 0, 0, 0, 0, 0, 0, 0, 0, 0, 0, 0, 0]
2:6:130:InsertNewForward(pName,1):169:[6, 4, 8, 0, 10, 0, 12, 20, 0, 0, 0, 0, 0, 0, 0, 0, 0, 0, 0, 0]
6:2:132:!(scala.actors.Channel@bda5,true):170:[6, 4, 8, 0, 10, 0, 14, 20, 0, 0, 0, 0, 0, 0, 0, 0, 0, 0, 0, 0]
7:6:131:GetMatch(1):171:[6, 4, 6, 0, 10, 0, 12, 22, 0, 0, 0, 0, 0, 0, 0, 0, 0, 0, 0, 0]
6:7:134:!(scala.actors.Channel@bd45,None):172:[6, 4, 8, 0, 10, 0, 16, 22, 0, 0, 0, 0, 0, 0, 0, 0, 0, 0, 0, 0]
2:7:133:Reg(1):173:[6, 4, 10, 0, 10, 0, 14, 20, 0, 0, 0, 0, 0, 0, 0, 0, 0, 0, 0, 0]
7:4:135:isProcessAlive(1):174:[6, 4, 10, 0, 10, 0, 16, 25, 0, 0, 0, 0, 0, 0, 0, 0, 0, 0, 0, 0]
4:7:136:!(scala.actors.Channel@bcaf,false):175:[6, 4, 10, 0, 12, 0, 16, 25, 0, 0, 0, 0, 0, 0, 0, 0, 0, 0, 0, 0]
7:6:138:InsertNewBackward(1,samira.procreg.Monitor@bd4e):176:[6, 4, 10, 0, 12, 0, 16, 28, 0, 0, 0, 0, 0, 0, 0, 0, 0, 0, 0, 0]
6:7:139:!(scala.actors.Channel@bd26,true):177:[6, 4, 10, 0, 12, 0, 18, 28, 0, 0, 0, 0, 0, 0, 0, 0, 0, 0, 0, 0]
7:7:137:Down(1):178:[6, 4, 10, 0, 12, 0, 16, 27, 0, 0, 0, 0, 0, 0, 0, 0, 0, 0, 0, 0]
7:6:140:GetMatch(1):179:[6, 4, 10, 0, 12, 0, 18, 31, 0, 0, 0, 0, 0, 0, 0, 0, 0, 0, 0, 0]
6:7:141:!(scala.actors.Channel@bd45,Some(samira.procreg.Monitor@bd4e)):180:[6, 4, 10, 0, 12, 0, 20, 31, 0, 0, 0, 0, 0, 0, 0, 0, 0, 0, 0, 0]
7:6:142:DeleteEntry(1):181:[6, 4, 10, 0, 12, 0, 20, 33, 0, 0, 0, 0, 0, 0, 0, 0, 0, 0, 0, 0]
6:7:143:!(scala.actors.Channel@bd26,()):182:[6, 4, 10, 0, 12, 0, 22, 33, 0, 0, 0, 0, 0, 0, 0, 0, 0, 0, 0, 0]
##BUG:NO_BUG:9:9sec:46
0:4:100:spawn(pName):0:[1, 0, 0, 0, 0, 0, 0, 0, 0, 0, 0, 0, 0, 0, 0, 0, 0, 0, 0, 0]
4:0:101:!(scala.actors.Channel@ba76,1):1:[1, 0, 0, 0, 2, 0, 0, 0, 0, 0, 0, 0, 0, 0, 0, 0, 0, 0, 0, 0]
0:4:102:kill(1):2:[3, 0, 0, 0, 2, 0, 0, 0, 0, 0, 0, 0, 0, 0, 0, 0, 0, 0, 0, 0]
4:0:103:!(scala.actors.Channel@bfde,()):3:[3, 0, 0, 0, 4, 0, 0, 0, 0, 0, 0, 0, 0, 0, 0, 0, 0, 0, 0, 0]
0:1:104:Register(pName,1):4:[5, 0, 0, 0, 4, 0, 0, 0, 0, 0, 0, 0, 0, 0, 0, 0, 0, 0, 0, 0]
0:2:105:Register(pName,1):5:[6, 0, 0, 0, 4, 0, 0, 0, 0, 0, 0, 0, 0, 0, 0, 0, 0, 0, 0, 0]
1:6:106:InsertNewForward(pName,1):6:[5, 2, 0, 0, 4, 0, 0, 0, 0, 0, 0, 0, 0, 0, 0, 0, 0, 0, 0, 0]
6:1:108:!(scala.actors.Channel@bf01,true):7:[5, 2, 0, 0, 4, 0, 2, 0, 0, 0, 0, 0, 0, 0, 0, 0, 0, 0, 0, 0]
2:6:107:InsertNewForward(pName,1):8:[6, 0, 2, 0, 4, 0, 0, 0, 0, 0, 0, 0, 0, 0, 0, 0, 0, 0, 0, 0]
6:2:110:!(scala.actors.Channel@be8d,false):9:[6, 2, 2, 0, 4, 0, 4, 0, 0, 0, 0, 0, 0, 0, 0, 0, 0, 0, 0, 0]
2:7:111:Where(pName):10:[6, 2, 4, 0, 4, 0, 4, 0, 0, 0, 0, 0, 0, 0, 0, 0, 0, 0, 0, 0]
7:6:112:Lookup(pName):124:[6, 2, 4, 0, 4, 0, 4, 2, 0, 0, 0, 0, 0, 0, 0, 0, 0, 0, 0, 0]
6:7:113:!(scala.actors.Channel@bd45,1):125:[6, 2, 4, 0, 4, 0, 6, 2, 0, 0, 0, 0, 0, 0, 0, 0, 0, 0, 0, 0]
7:4:114:isProcessAlive(1):126:[6, 2, 4, 0, 4, 0, 6, 4, 0, 0, 0, 0, 0, 0, 0, 0, 0, 0, 0, 0]
4:7:115:!(scala.actors.Channel@bd26,false):127:[6, 2, 4, 0, 6, 0, 6, 4, 0, 0, 0, 0, 0, 0, 0, 0, 0, 0, 0, 0]
7:2:116:!(scala.actors.Channel@bda5,-1):128:[6, 2, 4, 0, 6, 0, 6, 6, 0, 0, 0, 0, 0, 0, 0, 0, 0, 0, 0, 0]
1:7:109:Reg(1):129:[5, 4, 0, 0, 4, 0, 2, 0, 0, 0, 0, 0, 0, 0, 0, 0, 0, 0, 0, 0]
7:4:118:isProcessAlive(1):130:[6, 4, 4, 0, 6, 0, 6, 8, 0, 0, 0, 0, 0, 0, 0, 0, 0, 0, 0, 0]
4:7:119:!(scala.actors.Channel@bcaf,false):131:[6, 4, 4, 0, 8, 0, 6, 8, 0, 0, 0, 0, 0, 0, 0, 0, 0, 0, 0, 0]
7:6:121:InsertNewBackward(1,samira.procreg.Monitor@bd4e):132:[6, 4, 4, 0, 8, 0, 6, 11, 0, 0, 0, 0, 0, 0, 0, 0, 0, 0, 0, 0]
6:7:122:!(scala.actors.Channel@bd26,true):133:[6, 4, 4, 0, 8, 0, 8, 11, 0, 0, 0, 0, 0, 0, 0, 0, 0, 0, 0, 0]
7:7:120:Down(1):134:[6, 4, 4, 0, 8, 0, 6, 10, 0, 0, 0, 0, 0, 0, 0, 0, 0, 0, 0, 0]
7:6:123:GetMatch(1):183:[6, 4, 4, 0, 8, 0, 8, 14, 0, 0, 0, 0, 0, 0, 0, 0, 0, 0, 0, 0]
6:7:124:!(scala.actors.Channel@bd45,Some(samira.procreg.Monitor@bd4e)):184:[6, 4, 4, 0, 8, 0, 10, 14, 0, 0, 0, 0, 0, 0, 0, 0, 0, 0, 0, 0]
7:6:125:DeleteEntry(1):185:[6, 4, 4, 0, 8, 0, 10, 16, 0, 0, 0, 0, 0, 0, 0, 0, 0, 0, 0, 0]
6:7:126:!(scala.actors.Channel@bd26,()):186:[6, 4, 4, 0, 8, 0, 12, 16, 0, 0, 0, 0, 0, 0, 0, 0, 0, 0, 0, 0]
2:7:117:Audit(pName):187:[6, 2, 6, 0, 6, 0, 6, 6, 0, 0, 0, 0, 0, 0, 0, 0, 0, 0, 0, 0]
7:6:127:Lookup(pName):188:[6, 4, 6, 0, 8, 0, 12, 19, 0, 0, 0, 0, 0, 0, 0, 0, 0, 0, 0, 0]
6:7:128:!(scala.actors.Channel@bd45,-1):189:[6, 4, 6, 0, 8, 0, 14, 19, 0, 0, 0, 0, 0, 0, 0, 0, 0, 0, 0, 0]
7:4:129:isProcessAlive(-1):190:[6, 4, 6, 0, 8, 0, 14, 21, 0, 0, 0, 0, 0, 0, 0, 0, 0, 0, 0, 0]
4:7:130:!(scala.actors.Channel@bd26,false):191:[6, 4, 6, 0, 10, 0, 14, 21, 0, 0, 0, 0, 0, 0, 0, 0, 0, 0, 0, 0]
7:6:131:DeleteEntry(-1):192:[6, 4, 6, 0, 10, 0, 14, 23, 0, 0, 0, 0, 0, 0, 0, 0, 0, 0, 0, 0]
6:7:132:!(scala.actors.Channel@bcaf,()):193:[6, 4, 6, 0, 10, 0, 16, 23, 0, 0, 0, 0, 0, 0, 0, 0, 0, 0, 0, 0]
7:2:133:!(scala.actors.Channel@be8d,()):194:[6, 4, 6, 0, 10, 0, 16, 25, 0, 0, 0, 0, 0, 0, 0, 0, 0, 0, 0, 0]
2:6:134:InsertNewForward(pName,1):195:[6, 4, 8, 0, 10, 0, 16, 25, 0, 0, 0, 0, 0, 0, 0, 0, 0, 0, 0, 0]
6:2:135:!(scala.actors.Channel@bda5,true):196:[6, 4, 8, 0, 10, 0, 18, 25, 0, 0, 0, 0, 0, 0, 0, 0, 0, 0, 0, 0]
2:7:136:Reg(1):197:[6, 4, 10, 0, 10, 0, 18, 25, 0, 0, 0, 0, 0, 0, 0, 0, 0, 0, 0, 0]
7:4:137:isProcessAlive(1):198:[6, 4, 10, 0, 10, 0, 18, 27, 0, 0, 0, 0, 0, 0, 0, 0, 0, 0, 0, 0]
4:7:138:!(scala.actors.Channel@bd45,false):199:[6, 4, 10, 0, 12, 0, 18, 27, 0, 0, 0, 0, 0, 0, 0, 0, 0, 0, 0, 0]
7:6:140:InsertNewBackward(1,samira.procreg.Monitor@bd4e):200:[6, 4, 10, 0, 12, 0, 18, 30, 0, 0, 0, 0, 0, 0, 0, 0, 0, 0, 0, 0]
6:7:141:!(scala.actors.Channel@bd26,true):201:[6, 4, 10, 0, 12, 0, 20, 30, 0, 0, 0, 0, 0, 0, 0, 0, 0, 0, 0, 0]
7:7:139:Down(1):202:[6, 4, 10, 0, 12, 0, 18, 29, 0, 0, 0, 0, 0, 0, 0, 0, 0, 0, 0, 0]
7:6:142:GetMatch(1):203:[6, 4, 10, 0, 12, 0, 20, 33, 0, 0, 0, 0, 0, 0, 0, 0, 0, 0, 0, 0]
6:7:143:!(scala.actors.Channel@bcaf,Some(samira.procreg.Monitor@bd4e)):204:[6, 4, 10, 0, 12, 0, 22, 33, 0, 0, 0, 0, 0, 0, 0, 0, 0, 0, 0, 0]
7:6:144:DeleteEntry(1):205:[6, 4, 10, 0, 12, 0, 22, 35, 0, 0, 0, 0, 0, 0, 0, 0, 0, 0, 0, 0]
6:7:145:!(scala.actors.Channel@bd26,()):206:[6, 4, 10, 0, 12, 0, 24, 35, 0, 0, 0, 0, 0, 0, 0, 0, 0, 0, 0, 0]
##BUG:TRACE_HAD_ERROR/EXCEPTION/INVALID_TERMINATION:10:10sec:37
0:4:100:spawn(pName):0:[1, 0, 0, 0, 0, 0, 0, 0, 0, 0, 0, 0, 0, 0, 0, 0, 0, 0, 0, 0]
4:0:101:!(scala.actors.Channel@ba76,1):1:[1, 0, 0, 0, 2, 0, 0, 0, 0, 0, 0, 0, 0, 0, 0, 0, 0, 0, 0, 0]
0:4:102:kill(1):2:[3, 0, 0, 0, 2, 0, 0, 0, 0, 0, 0, 0, 0, 0, 0, 0, 0, 0, 0, 0]
4:0:103:!(scala.actors.Channel@bfde,()):3:[3, 0, 0, 0, 4, 0, 0, 0, 0, 0, 0, 0, 0, 0, 0, 0, 0, 0, 0, 0]
0:1:104:Register(pName,1):4:[5, 0, 0, 0, 4, 0, 0, 0, 0, 0, 0, 0, 0, 0, 0, 0, 0, 0, 0, 0]
0:2:105:Register(pName,1):5:[6, 0, 0, 0, 4, 0, 0, 0, 0, 0, 0, 0, 0, 0, 0, 0, 0, 0, 0, 0]
1:6:106:InsertNewForward(pName,1):6:[5, 2, 0, 0, 4, 0, 0, 0, 0, 0, 0, 0, 0, 0, 0, 0, 0, 0, 0, 0]
6:1:108:!(scala.actors.Channel@bf01,true):7:[5, 2, 0, 0, 4, 0, 2, 0, 0, 0, 0, 0, 0, 0, 0, 0, 0, 0, 0, 0]
2:6:107:InsertNewForward(pName,1):8:[6, 0, 2, 0, 4, 0, 0, 0, 0, 0, 0, 0, 0, 0, 0, 0, 0, 0, 0, 0]
6:2:110:!(scala.actors.Channel@be8d,false):9:[6, 2, 2, 0, 4, 0, 4, 0, 0, 0, 0, 0, 0, 0, 0, 0, 0, 0, 0, 0]
2:7:111:Where(pName):10:[6, 2, 4, 0, 4, 0, 4, 0, 0, 0, 0, 0, 0, 0, 0, 0, 0, 0, 0, 0]
7:6:112:Lookup(pName):124:[6, 2, 4, 0, 4, 0, 4, 2, 0, 0, 0, 0, 0, 0, 0, 0, 0, 0, 0, 0]
6:7:113:!(scala.actors.Channel@bd45,1):125:[6, 2, 4, 0, 4, 0, 6, 2, 0, 0, 0, 0, 0, 0, 0, 0, 0, 0, 0, 0]
7:4:114:isProcessAlive(1):126:[6, 2, 4, 0, 4, 0, 6, 4, 0, 0, 0, 0, 0, 0, 0, 0, 0, 0, 0, 0]
4:7:115:!(scala.actors.Channel@bd26,false):127:[6, 2, 4, 0, 6, 0, 6, 4, 0, 0, 0, 0, 0, 0, 0, 0, 0, 0, 0, 0]
7:2:116:!(scala.actors.Channel@bda5,-1):128:[6, 2, 4, 0, 6, 0, 6, 6, 0, 0, 0, 0, 0, 0, 0, 0, 0, 0, 0, 0]
2:7:117:Audit(pName):129:[6, 2, 6, 0, 6, 0, 6, 6, 0, 0, 0, 0, 0, 0, 0, 0, 0, 0, 0, 0]
7:6:118:Lookup(pName):207:[6, 2, 6, 0, 6, 0, 6, 8, 0, 0, 0, 0, 0, 0, 0, 0, 0, 0, 0, 0]
6:7:119:!(scala.actors.Channel@bcaf,1):208:[6, 2, 6, 0, 6, 0, 8, 8, 0, 0, 0, 0, 0, 0, 0, 0, 0, 0, 0, 0]
7:4:120:isProcessAlive(1):209:[6, 2, 6, 0, 6, 0, 8, 10, 0, 0, 0, 0, 0, 0, 0, 0, 0, 0, 0, 0]
4:7:121:!(scala.actors.Channel@bd45,false):210:[6, 2, 6, 0, 8, 0, 8, 10, 0, 0, 0, 0, 0, 0, 0, 0, 0, 0, 0, 0]
7:6:122:DeleteEntry(1):211:[6, 2, 6, 0, 8, 0, 8, 12, 0, 0, 0, 0, 0, 0, 0, 0, 0, 0, 0, 0]
6:7:123:!(scala.actors.Channel@bd26,()):212:[6, 2, 6, 0, 8, 0, 10, 12, 0, 0, 0, 0, 0, 0, 0, 0, 0, 0, 0, 0]
7:2:124:!(scala.actors.Channel@be8d,()):213:[6, 2, 6, 0, 8, 0, 10, 14, 0, 0, 0, 0, 0, 0, 0, 0, 0, 0, 0, 0]
2:6:125:InsertNewForward(pName,1):214:[6, 2, 8, 0, 8, 0, 10, 14, 0, 0, 0, 0, 0, 0, 0, 0, 0, 0, 0, 0]
6:2:126:!(scala.actors.Channel@bda5,false):215:[6, 2, 8, 0, 8, 0, 12, 14, 0, 0, 0, 0, 0, 0, 0, 0, 0, 0, 0, 0]
1:7:109:Reg(1):216:[5, 4, 0, 0, 4, 0, 2, 0, 0, 0, 0, 0, 0, 0, 0, 0, 0, 0, 0, 0]
7:4:128:isProcessAlive(1):217:[6, 4, 6, 0, 8, 0, 10, 16, 0, 0, 0, 0, 0, 0, 0, 0, 0, 0, 0, 0]
4:7:129:!(scala.actors.Channel@bcaf,false):218:[6, 4, 6, 0, 10, 0, 10, 16, 0, 0, 0, 0, 0, 0, 0, 0, 0, 0, 0, 0]
7:6:131:InsertNewBackward(1,samira.procreg.Monitor@bd4e):219:[6, 4, 6, 0, 10, 0, 10, 19, 0, 0, 0, 0, 0, 0, 0, 0, 0, 0, 0, 0]
6:7:132:!(scala.actors.Channel@bd45,true):220:[6, 4, 8, 0, 10, 0, 14, 19, 0, 0, 0, 0, 0, 0, 0, 0, 0, 0, 0, 0]
2:7:127:Where(pName):221:[6, 2, 10, 0, 8, 0, 12, 14, 0, 0, 0, 0, 0, 0, 0, 0, 0, 0, 0, 0]
7:6:133:Lookup(pName):222:[6, 4, 10, 0, 10, 0, 14, 22, 0, 0, 0, 0, 0, 0, 0, 0, 0, 0, 0, 0]
6:7:134:!(scala.actors.Channel@bd26,1):223:[6, 4, 10, 0, 10, 0, 16, 22, 0, 0, 0, 0, 0, 0, 0, 0, 0, 0, 0, 0]
7:4:135:isProcessAlive(1):224:[6, 4, 10, 0, 10, 0, 16, 24, 0, 0, 0, 0, 0, 0, 0, 0, 0, 0, 0, 0]
4:7:136:!(scala.actors.Channel@bd45,false):225:[6, 4, 10, 0, 12, 0, 16, 24, 0, 0, 0, 0, 0, 0, 0, 0, 0, 0, 0, 0]
7:2:137:!(scala.actors.Channel@803b,-1):226:[6, 4, 10, 0, 12, 0, 16, 26, 0, 0, 0, 0, 0, 0, 0, 0, 0, 0, 0, 0]
##BUGGY_ACTORS: 1
2
##BUG:NO_BUG:11:11sec:46
0:4:100:spawn(pName):0:[1, 0, 0, 0, 0, 0, 0, 0, 0, 0, 0, 0, 0, 0, 0, 0, 0, 0, 0, 0]
4:0:101:!(scala.actors.Channel@ba76,1):1:[1, 0, 0, 0, 2, 0, 0, 0, 0, 0, 0, 0, 0, 0, 0, 0, 0, 0, 0, 0]
0:4:102:kill(1):2:[3, 0, 0, 0, 2, 0, 0, 0, 0, 0, 0, 0, 0, 0, 0, 0, 0, 0, 0, 0]
4:0:103:!(scala.actors.Channel@bfde,()):3:[3, 0, 0, 0, 4, 0, 0, 0, 0, 0, 0, 0, 0, 0, 0, 0, 0, 0, 0, 0]
0:1:104:Register(pName,1):4:[5, 0, 0, 0, 4, 0, 0, 0, 0, 0, 0, 0, 0, 0, 0, 0, 0, 0, 0, 0]
0:2:105:Register(pName,1):5:[6, 0, 0, 0, 4, 0, 0, 0, 0, 0, 0, 0, 0, 0, 0, 0, 0, 0, 0, 0]
1:6:106:InsertNewForward(pName,1):6:[5, 2, 0, 0, 4, 0, 0, 0, 0, 0, 0, 0, 0, 0, 0, 0, 0, 0, 0, 0]
6:1:108:!(scala.actors.Channel@bf01,true):7:[5, 2, 0, 0, 4, 0, 2, 0, 0, 0, 0, 0, 0, 0, 0, 0, 0, 0, 0, 0]
1:7:109:Reg(1):8:[5, 4, 0, 0, 4, 0, 2, 0, 0, 0, 0, 0, 0, 0, 0, 0, 0, 0, 0, 0]
7:4:110:isProcessAlive(1):227:[5, 4, 0, 0, 4, 0, 2, 2, 0, 0, 0, 0, 0, 0, 0, 0, 0, 0, 0, 0]
2:6:107:InsertNewForward(pName,1):228:[6, 0, 2, 0, 4, 0, 0, 0, 0, 0, 0, 0, 0, 0, 0, 0, 0, 0, 0, 0]
6:2:112:!(scala.actors.Channel@be8d,false):229:[6, 2, 2, 0, 4, 0, 4, 0, 0, 0, 0, 0, 0, 0, 0, 0, 0, 0, 0, 0]
4:7:111:!(scala.actors.Channel@bd45,false):230:[5, 4, 0, 0, 6, 0, 2, 2, 0, 0, 0, 0, 0, 0, 0, 0, 0, 0, 0, 0]
7:6:115:InsertNewBackward(1,samira.procreg.Monitor@bd4e):231:[5, 4, 0, 0, 6, 0, 2, 5, 0, 0, 0, 0, 0, 0, 0, 0, 0, 0, 0, 0]
6:7:116:!(scala.actors.Channel@bd26,true):232:[6, 4, 2, 0, 6, 0, 6, 5, 0, 0, 0, 0, 0, 0, 0, 0, 0, 0, 0, 0]
2:7:113:Where(pName):233:[6, 2, 4, 0, 4, 0, 4, 0, 0, 0, 0, 0, 0, 0, 0, 0, 0, 0, 0, 0]
7:6:117:Lookup(pName):234:[6, 4, 4, 0, 6, 0, 6, 8, 0, 0, 0, 0, 0, 0, 0, 0, 0, 0, 0, 0]
6:7:118:!(scala.actors.Channel@bcaf,1):235:[6, 4, 4, 0, 6, 0, 8, 8, 0, 0, 0, 0, 0, 0, 0, 0, 0, 0, 0, 0]
7:4:119:isProcessAlive(1):236:[6, 4, 4, 0, 6, 0, 8, 10, 0, 0, 0, 0, 0, 0, 0, 0, 0, 0, 0, 0]
4:7:120:!(scala.actors.Channel@bd26,false):237:[6, 4, 4, 0, 8, 0, 8, 10, 0, 0, 0, 0, 0, 0, 0, 0, 0, 0, 0, 0]
7:2:121:!(scala.actors.Channel@bda5,-1):238:[6, 4, 4, 0, 8, 0, 8, 12, 0, 0, 0, 0, 0, 0, 0, 0, 0, 0, 0, 0]
7:7:114:Down(1):239:[5, 4, 0, 0, 6, 0, 2, 4, 0, 0, 0, 0, 0, 0, 0, 0, 0, 0, 0, 0]
7:6:123:GetMatch(1):240:[6, 4, 4, 0, 8, 0, 8, 14, 0, 0, 0, 0, 0, 0, 0, 0, 0, 0, 0, 0]
6:7:124:!(scala.actors.Channel@bd45,Some(samira.procreg.Monitor@bd4e)):241:[6, 4, 4, 0, 8, 0, 10, 14, 0, 0, 0, 0, 0, 0, 0, 0, 0, 0, 0, 0]
7:6:125:DeleteEntry(1):242:[6, 4, 4, 0, 8, 0, 10, 16, 0, 0, 0, 0, 0, 0, 0, 0, 0, 0, 0, 0]
6:7:126:!(scala.actors.Channel@bcaf,()):243:[6, 4, 4, 0, 8, 0, 12, 16, 0, 0, 0, 0, 0, 0, 0, 0, 0, 0, 0, 0]
2:7:122:Audit(pName):244:[6, 4, 6, 0, 8, 0, 8, 12, 0, 0, 0, 0, 0, 0, 0, 0, 0, 0, 0, 0]
7:6:127:Lookup(pName):245:[6, 4, 6, 0, 8, 0, 12, 19, 0, 0, 0, 0, 0, 0, 0, 0, 0, 0, 0, 0]
6:7:128:!(scala.actors.Channel@bd45,-1):246:[6, 4, 6, 0, 8, 0, 14, 19, 0, 0, 0, 0, 0, 0, 0, 0, 0, 0, 0, 0]
7:4:129:isProcessAlive(-1):247:[6, 4, 6, 0, 8, 0, 14, 21, 0, 0, 0, 0, 0, 0, 0, 0, 0, 0, 0, 0]
4:7:130:!(scala.actors.Channel@bcaf,false):248:[6, 4, 6, 0, 10, 0, 14, 21, 0, 0, 0, 0, 0, 0, 0, 0, 0, 0, 0, 0]
7:6:131:DeleteEntry(-1):249:[6, 4, 6, 0, 10, 0, 14, 23, 0, 0, 0, 0, 0, 0, 0, 0, 0, 0, 0, 0]
6:7:132:!(scala.actors.Channel@bd26,()):250:[6, 4, 6, 0, 10, 0, 16, 23, 0, 0, 0, 0, 0, 0, 0, 0, 0, 0, 0, 0]
7:2:133:!(scala.actors.Channel@be8d,()):251:[6, 4, 6, 0, 10, 0, 16, 25, 0, 0, 0, 0, 0, 0, 0, 0, 0, 0, 0, 0]
2:6:134:InsertNewForward(pName,1):252:[6, 4, 8, 0, 10, 0, 16, 25, 0, 0, 0, 0, 0, 0, 0, 0, 0, 0, 0, 0]
6:2:135:!(scala.actors.Channel@bda5,true):253:[6, 4, 8, 0, 10, 0, 18, 25, 0, 0, 0, 0, 0, 0, 0, 0, 0, 0, 0, 0]
2:7:136:Reg(1):254:[6, 4, 10, 0, 10, 0, 18, 25, 0, 0, 0, 0, 0, 0, 0, 0, 0, 0, 0, 0]
7:4:137:isProcessAlive(1):255:[6, 4, 10, 0, 10, 0, 18, 27, 0, 0, 0, 0, 0, 0, 0, 0, 0, 0, 0, 0]
4:7:138:!(scala.actors.Channel@bd45,false):256:[6, 4, 10, 0, 12, 0, 18, 27, 0, 0, 0, 0, 0, 0, 0, 0, 0, 0, 0, 0]
7:6:140:InsertNewBackward(1,samira.procreg.Monitor@bd4e):257:[6, 4, 10, 0, 12, 0, 18, 30, 0, 0, 0, 0, 0, 0, 0, 0, 0, 0, 0, 0]
6:7:141:!(scala.actors.Channel@bd26,true):258:[6, 4, 10, 0, 12, 0, 20, 30, 0, 0, 0, 0, 0, 0, 0, 0, 0, 0, 0, 0]
7:7:139:Down(1):259:[6, 4, 10, 0, 12, 0, 18, 29, 0, 0, 0, 0, 0, 0, 0, 0, 0, 0, 0, 0]
7:6:142:GetMatch(1):260:[6, 4, 10, 0, 12, 0, 20, 33, 0, 0, 0, 0, 0, 0, 0, 0, 0, 0, 0, 0]
6:7:143:!(scala.actors.Channel@bcaf,Some(samira.procreg.Monitor@bd4e)):261:[6, 4, 10, 0, 12, 0, 22, 33, 0, 0, 0, 0, 0, 0, 0, 0, 0, 0, 0, 0]
7:6:144:DeleteEntry(1):262:[6, 4, 10, 0, 12, 0, 22, 35, 0, 0, 0, 0, 0, 0, 0, 0, 0, 0, 0, 0]
6:7:145:!(scala.actors.Channel@bd26,()):263:[6, 4, 10, 0, 12, 0, 24, 35, 0, 0, 0, 0, 0, 0, 0, 0, 0, 0, 0, 0]
##BUG:NO_BUG:12:12sec:44
0:4:100:spawn(pName):0:[1, 0, 0, 0, 0, 0, 0, 0, 0, 0, 0, 0, 0, 0, 0, 0, 0, 0, 0, 0]
4:0:101:!(scala.actors.Channel@ba76,1):1:[1, 0, 0, 0, 2, 0, 0, 0, 0, 0, 0, 0, 0, 0, 0, 0, 0, 0, 0, 0]
0:4:102:kill(1):2:[3, 0, 0, 0, 2, 0, 0, 0, 0, 0, 0, 0, 0, 0, 0, 0, 0, 0, 0, 0]
4:0:103:!(scala.actors.Channel@bfde,()):3:[3, 0, 0, 0, 4, 0, 0, 0, 0, 0, 0, 0, 0, 0, 0, 0, 0, 0, 0, 0]
0:1:104:Register(pName,1):4:[5, 0, 0, 0, 4, 0, 0, 0, 0, 0, 0, 0, 0, 0, 0, 0, 0, 0, 0, 0]
0:2:105:Register(pName,1):5:[6, 0, 0, 0, 4, 0, 0, 0, 0, 0, 0, 0, 0, 0, 0, 0, 0, 0, 0, 0]
1:6:106:InsertNewForward(pName,1):6:[5, 2, 0, 0, 4, 0, 0, 0, 0, 0, 0, 0, 0, 0, 0, 0, 0, 0, 0, 0]
6:1:108:!(scala.actors.Channel@bf01,true):7:[5, 2, 0, 0, 4, 0, 2, 0, 0, 0, 0, 0, 0, 0, 0, 0, 0, 0, 0, 0]
1:7:109:Reg(1):8:[5, 4, 0, 0, 4, 0, 2, 0, 0, 0, 0, 0, 0, 0, 0, 0, 0, 0, 0, 0]
7:4:110:isProcessAlive(1):227:[5, 4, 0, 0, 4, 0, 2, 2, 0, 0, 0, 0, 0, 0, 0, 0, 0, 0, 0, 0]
2:6:107:InsertNewForward(pName,1):228:[6, 0, 2, 0, 4, 0, 0, 0, 0, 0, 0, 0, 0, 0, 0, 0, 0, 0, 0, 0]
6:2:112:!(scala.actors.Channel@be8d,false):229:[6, 2, 2, 0, 4, 0, 4, 0, 0, 0, 0, 0, 0, 0, 0, 0, 0, 0, 0, 0]
4:7:111:!(scala.actors.Channel@bd45,false):230:[5, 4, 0, 0, 6, 0, 2, 2, 0, 0, 0, 0, 0, 0, 0, 0, 0, 0, 0, 0]
7:6:115:InsertNewBackward(1,samira.procreg.Monitor@bd4e):231:[5, 4, 0, 0, 6, 0, 2, 5, 0, 0, 0, 0, 0, 0, 0, 0, 0, 0, 0, 0]
6:7:116:!(scala.actors.Channel@bd26,true):232:[6, 4, 2, 0, 6, 0, 6, 5, 0, 0, 0, 0, 0, 0, 0, 0, 0, 0, 0, 0]
2:7:113:Where(pName):233:[6, 2, 4, 0, 4, 0, 4, 0, 0, 0, 0, 0, 0, 0, 0, 0, 0, 0, 0, 0]
7:6:117:Lookup(pName):234:[6, 4, 4, 0, 6, 0, 6, 8, 0, 0, 0, 0, 0, 0, 0, 0, 0, 0, 0, 0]
6:7:118:!(scala.actors.Channel@bcaf,1):235:[6, 4, 4, 0, 6, 0, 8, 8, 0, 0, 0, 0, 0, 0, 0, 0, 0, 0, 0, 0]
7:4:119:isProcessAlive(1):236:[6, 4, 4, 0, 6, 0, 8, 10, 0, 0, 0, 0, 0, 0, 0, 0, 0, 0, 0, 0]
4:7:120:!(scala.actors.Channel@bd26,false):237:[6, 4, 4, 0, 8, 0, 8, 10, 0, 0, 0, 0, 0, 0, 0, 0, 0, 0, 0, 0]
7:2:121:!(scala.actors.Channel@bda5,-1):238:[6, 4, 4, 0, 8, 0, 8, 12, 0, 0, 0, 0, 0, 0, 0, 0, 0, 0, 0, 0]
2:7:122:Audit(pName):239:[6, 4, 6, 0, 8, 0, 8, 12, 0, 0, 0, 0, 0, 0, 0, 0, 0, 0, 0, 0]
7:6:123:Lookup(pName):264:[6, 4, 6, 0, 8, 0, 8, 14, 0, 0, 0, 0, 0, 0, 0, 0, 0, 0, 0, 0]
6:7:124:!(scala.actors.Channel@bd45,1):265:[6, 4, 6, 0, 8, 0, 10, 14, 0, 0, 0, 0, 0, 0, 0, 0, 0, 0, 0, 0]
7:4:125:isProcessAlive(1):266:[6, 4, 6, 0, 8, 0, 10, 16, 0, 0, 0, 0, 0, 0, 0, 0, 0, 0, 0, 0]
4:7:126:!(scala.actors.Channel@bcaf,false):267:[6, 4, 6, 0, 10, 0, 10, 16, 0, 0, 0, 0, 0, 0, 0, 0, 0, 0, 0, 0]
7:6:127:DeleteEntry(1):268:[6, 4, 6, 0, 10, 0, 10, 18, 0, 0, 0, 0, 0, 0, 0, 0, 0, 0, 0, 0]
6:7:128:!(scala.actors.Channel@bd26,()):269:[6, 4, 6, 0, 10, 0, 12, 18, 0, 0, 0, 0, 0, 0, 0, 0, 0, 0, 0, 0]
7:2:129:!(scala.actors.Channel@be8d,()):270:[6, 4, 6, 0, 10, 0, 12, 20, 0, 0, 0, 0, 0, 0, 0, 0, 0, 0, 0, 0]
2:6:130:InsertNewForward(pName,1):271:[6, 4, 8, 0, 10, 0, 12, 20, 0, 0, 0, 0, 0, 0, 0, 0, 0, 0, 0, 0]
6:2:131:!(scala.actors.Channel@bda5,true):272:[6, 4, 8, 0, 10, 0, 14, 20, 0, 0, 0, 0, 0, 0, 0, 0, 0, 0, 0, 0]
7:7:114:Down(1):273:[5, 4, 0, 0, 6, 0, 2, 4, 0, 0, 0, 0, 0, 0, 0, 0, 0, 0, 0, 0]
7:6:133:GetMatch(1):274:[6, 4, 6, 0, 10, 0, 12, 22, 0, 0, 0, 0, 0, 0, 0, 0, 0, 0, 0, 0]
6:7:134:!(scala.actors.Channel@bd45,None):275:[6, 4, 8, 0, 10, 0, 16, 22, 0, 0, 0, 0, 0, 0, 0, 0, 0, 0, 0, 0]
2:7:132:Reg(1):276:[6, 4, 10, 0, 10, 0, 14, 20, 0, 0, 0, 0, 0, 0, 0, 0, 0, 0, 0, 0]
7:4:135:isProcessAlive(1):277:[6, 4, 10, 0, 10, 0, 16, 25, 0, 0, 0, 0, 0, 0, 0, 0, 0, 0, 0, 0]
4:7:136:!(scala.actors.Channel@bd26,false):278:[6, 4, 10, 0, 12, 0, 16, 25, 0, 0, 0, 0, 0, 0, 0, 0, 0, 0, 0, 0]
7:6:138:InsertNewBackward(1,samira.procreg.Monitor@bd4e):279:[6, 4, 10, 0, 12, 0, 16, 28, 0, 0, 0, 0, 0, 0, 0, 0, 0, 0, 0, 0]
6:7:139:!(scala.actors.Channel@bcaf,true):280:[6, 4, 10, 0, 12, 0, 18, 28, 0, 0, 0, 0, 0, 0, 0, 0, 0, 0, 0, 0]
7:7:137:Down(1):281:[6, 4, 10, 0, 12, 0, 16, 27, 0, 0, 0, 0, 0, 0, 0, 0, 0, 0, 0, 0]
7:6:140:GetMatch(1):282:[6, 4, 10, 0, 12, 0, 18, 31, 0, 0, 0, 0, 0, 0, 0, 0, 0, 0, 0, 0]
6:7:141:!(scala.actors.Channel@bd45,Some(samira.procreg.Monitor@bd4e)):283:[6, 4, 10, 0, 12, 0, 20, 31, 0, 0, 0, 0, 0, 0, 0, 0, 0, 0, 0, 0]
7:6:142:DeleteEntry(1):284:[6, 4, 10, 0, 12, 0, 20, 33, 0, 0, 0, 0, 0, 0, 0, 0, 0, 0, 0, 0]
6:7:143:!(scala.actors.Channel@bcaf,()):285:[6, 4, 10, 0, 12, 0, 22, 33, 0, 0, 0, 0, 0, 0, 0, 0, 0, 0, 0, 0]
##BUG:NO_BUG:13:13sec:46
0:4:100:spawn(pName):0:[1, 0, 0, 0, 0, 0, 0, 0, 0, 0, 0, 0, 0, 0, 0, 0, 0, 0, 0, 0]
4:0:101:!(scala.actors.Channel@ba76,1):1:[1, 0, 0, 0, 2, 0, 0, 0, 0, 0, 0, 0, 0, 0, 0, 0, 0, 0, 0, 0]
0:4:102:kill(1):2:[3, 0, 0, 0, 2, 0, 0, 0, 0, 0, 0, 0, 0, 0, 0, 0, 0, 0, 0, 0]
4:0:103:!(scala.actors.Channel@bfde,()):3:[3, 0, 0, 0, 4, 0, 0, 0, 0, 0, 0, 0, 0, 0, 0, 0, 0, 0, 0, 0]
0:1:104:Register(pName,1):4:[5, 0, 0, 0, 4, 0, 0, 0, 0, 0, 0, 0, 0, 0, 0, 0, 0, 0, 0, 0]
0:2:105:Register(pName,1):5:[6, 0, 0, 0, 4, 0, 0, 0, 0, 0, 0, 0, 0, 0, 0, 0, 0, 0, 0, 0]
1:6:106:InsertNewForward(pName,1):6:[5, 2, 0, 0, 4, 0, 0, 0, 0, 0, 0, 0, 0, 0, 0, 0, 0, 0, 0, 0]
6:1:108:!(scala.actors.Channel@bf01,true):7:[5, 2, 0, 0, 4, 0, 2, 0, 0, 0, 0, 0, 0, 0, 0, 0, 0, 0, 0, 0]
1:7:109:Reg(1):8:[5, 4, 0, 0, 4, 0, 2, 0, 0, 0, 0, 0, 0, 0, 0, 0, 0, 0, 0, 0]
7:4:110:isProcessAlive(1):227:[5, 4, 0, 0, 4, 0, 2, 2, 0, 0, 0, 0, 0, 0, 0, 0, 0, 0, 0, 0]
2:6:107:InsertNewForward(pName,1):228:[6, 0, 2, 0, 4, 0, 0, 0, 0, 0, 0, 0, 0, 0, 0, 0, 0, 0, 0, 0]
6:2:112:!(scala.actors.Channel@be8d,false):229:[6, 2, 2, 0, 4, 0, 4, 0, 0, 0, 0, 0, 0, 0, 0, 0, 0, 0, 0, 0]
4:7:111:!(scala.actors.Channel@bd45,false):230:[5, 4, 0, 0, 6, 0, 2, 2, 0, 0, 0, 0, 0, 0, 0, 0, 0, 0, 0, 0]
7:6:115:InsertNewBackward(1,samira.procreg.Monitor@bd4e):231:[5, 4, 0, 0, 6, 0, 2, 5, 0, 0, 0, 0, 0, 0, 0, 0, 0, 0, 0, 0]
6:7:116:!(scala.actors.Channel@bd26,true):232:[6, 4, 2, 0, 6, 0, 6, 5, 0, 0, 0, 0, 0, 0, 0, 0, 0, 0, 0, 0]
7:7:114:Down(1):233:[5, 4, 0, 0, 6, 0, 2, 4, 0, 0, 0, 0, 0, 0, 0, 0, 0, 0, 0, 0]
7:6:117:GetMatch(1):286:[6, 4, 2, 0, 6, 0, 6, 8, 0, 0, 0, 0, 0, 0, 0, 0, 0, 0, 0, 0]
6:7:118:!(scala.actors.Channel@bcaf,Some(samira.procreg.Monitor@bd4e)):287:[6, 4, 2, 0, 6, 0, 8, 8, 0, 0, 0, 0, 0, 0, 0, 0, 0, 0, 0, 0]
7:6:119:DeleteEntry(1):288:[6, 4, 2, 0, 6, 0, 8, 10, 0, 0, 0, 0, 0, 0, 0, 0, 0, 0, 0, 0]
6:7:120:!(scala.actors.Channel@bd26,()):289:[6, 4, 2, 0, 6, 0, 10, 10, 0, 0, 0, 0, 0, 0, 0, 0, 0, 0, 0, 0]
2:7:113:Where(pName):290:[6, 2, 4, 0, 4, 0, 4, 0, 0, 0, 0, 0, 0, 0, 0, 0, 0, 0, 0, 0]
7:6:121:Lookup(pName):291:[6, 4, 4, 0, 6, 0, 10, 13, 0, 0, 0, 0, 0, 0, 0, 0, 0, 0, 0, 0]
6:7:122:!(scala.actors.Channel@bcaf,-1):292:[6, 4, 4, 0, 6, 0, 12, 13, 0, 0, 0, 0, 0, 0, 0, 0, 0, 0, 0, 0]
7:4:123:isProcessAlive(-1):293:[6, 4, 4, 0, 6, 0, 12, 15, 0, 0, 0, 0, 0, 0, 0, 0, 0, 0, 0, 0]
4:7:124:!(scala.actors.Channel@bd26,false):294:[6, 4, 4, 0, 8, 0, 12, 15, 0, 0, 0, 0, 0, 0, 0, 0, 0, 0, 0, 0]
7:2:125:!(scala.actors.Channel@bda5,-1):295:[6, 4, 4, 0, 8, 0, 12, 17, 0, 0, 0, 0, 0, 0, 0, 0, 0, 0, 0, 0]
2:7:126:Audit(pName):296:[6, 4, 6, 0, 8, 0, 12, 17, 0, 0, 0, 0, 0, 0, 0, 0, 0, 0, 0, 0]
7:6:127:Lookup(pName):297:[6, 4, 6, 0, 8, 0, 12, 19, 0, 0, 0, 0, 0, 0, 0, 0, 0, 0, 0, 0]
6:7:128:!(scala.actors.Channel@bd45,-1):298:[6, 4, 6, 0, 8, 0, 14, 19, 0, 0, 0, 0, 0, 0, 0, 0, 0, 0, 0, 0]
7:4:129:isProcessAlive(-1):299:[6, 4, 6, 0, 8, 0, 14, 21, 0, 0, 0, 0, 0, 0, 0, 0, 0, 0, 0, 0]
4:7:130:!(scala.actors.Channel@bcaf,false):300:[6, 4, 6, 0, 10, 0, 14, 21, 0, 0, 0, 0, 0, 0, 0, 0, 0, 0, 0, 0]
7:6:131:DeleteEntry(-1):301:[6, 4, 6, 0, 10, 0, 14, 23, 0, 0, 0, 0, 0, 0, 0, 0, 0, 0, 0, 0]
6:7:132:!(scala.actors.Channel@bd26,()):302:[6, 4, 6, 0, 10, 0, 16, 23, 0, 0, 0, 0, 0, 0, 0, 0, 0, 0, 0, 0]
7:2:133:!(scala.actors.Channel@be8d,()):303:[6, 4, 6, 0, 10, 0, 16, 25, 0, 0, 0, 0, 0, 0, 0, 0, 0, 0, 0, 0]
2:6:134:InsertNewForward(pName,1):304:[6, 4, 8, 0, 10, 0, 16, 25, 0, 0, 0, 0, 0, 0, 0, 0, 0, 0, 0, 0]
6:2:135:!(scala.actors.Channel@bda5,true):305:[6, 4, 8, 0, 10, 0, 18, 25, 0, 0, 0, 0, 0, 0, 0, 0, 0, 0, 0, 0]
2:7:136:Reg(1):306:[6, 4, 10, 0, 10, 0, 18, 25, 0, 0, 0, 0, 0, 0, 0, 0, 0, 0, 0, 0]
7:4:137:isProcessAlive(1):307:[6, 4, 10, 0, 10, 0, 18, 27, 0, 0, 0, 0, 0, 0, 0, 0, 0, 0, 0, 0]
4:7:138:!(scala.actors.Channel@bd45,false):308:[6, 4, 10, 0, 12, 0, 18, 27, 0, 0, 0, 0, 0, 0, 0, 0, 0, 0, 0, 0]
7:6:140:InsertNewBackward(1,samira.procreg.Monitor@bd4e):309:[6, 4, 10, 0, 12, 0, 18, 30, 0, 0, 0, 0, 0, 0, 0, 0, 0, 0, 0, 0]
6:7:141:!(scala.actors.Channel@bd26,true):310:[6, 4, 10, 0, 12, 0, 20, 30, 0, 0, 0, 0, 0, 0, 0, 0, 0, 0, 0, 0]
7:7:139:Down(1):311:[6, 4, 10, 0, 12, 0, 18, 29, 0, 0, 0, 0, 0, 0, 0, 0, 0, 0, 0, 0]
7:6:142:GetMatch(1):312:[6, 4, 10, 0, 12, 0, 20, 33, 0, 0, 0, 0, 0, 0, 0, 0, 0, 0, 0, 0]
6:7:143:!(scala.actors.Channel@bcaf,Some(samira.procreg.Monitor@bd4e)):313:[6, 4, 10, 0, 12, 0, 22, 33, 0, 0, 0, 0, 0, 0, 0, 0, 0, 0, 0, 0]
7:6:144:DeleteEntry(1):314:[6, 4, 10, 0, 12, 0, 22, 35, 0, 0, 0, 0, 0, 0, 0, 0, 0, 0, 0, 0]
6:7:145:!(scala.actors.Channel@bd26,()):315:[6, 4, 10, 0, 12, 0, 24, 35, 0, 0, 0, 0, 0, 0, 0, 0, 0, 0, 0, 0]
##BUG:NO_BUG:14:14sec:46
0:4:100:spawn(pName):0:[1, 0, 0, 0, 0, 0, 0, 0, 0, 0, 0, 0, 0, 0, 0, 0, 0, 0, 0, 0]
4:0:101:!(scala.actors.Channel@ba76,1):1:[1, 0, 0, 0, 2, 0, 0, 0, 0, 0, 0, 0, 0, 0, 0, 0, 0, 0, 0, 0]
0:4:102:kill(1):2:[3, 0, 0, 0, 2, 0, 0, 0, 0, 0, 0, 0, 0, 0, 0, 0, 0, 0, 0, 0]
4:0:103:!(scala.actors.Channel@bfde,()):3:[3, 0, 0, 0, 4, 0, 0, 0, 0, 0, 0, 0, 0, 0, 0, 0, 0, 0, 0, 0]
0:1:104:Register(pName,1):4:[5, 0, 0, 0, 4, 0, 0, 0, 0, 0, 0, 0, 0, 0, 0, 0, 0, 0, 0, 0]
0:2:105:Register(pName,1):5:[6, 0, 0, 0, 4, 0, 0, 0, 0, 0, 0, 0, 0, 0, 0, 0, 0, 0, 0, 0]
1:6:106:InsertNewForward(pName,1):6:[5, 2, 0, 0, 4, 0, 0, 0, 0, 0, 0, 0, 0, 0, 0, 0, 0, 0, 0, 0]
6:1:108:!(scala.actors.Channel@bf01,true):7:[5, 2, 0, 0, 4, 0, 2, 0, 0, 0, 0, 0, 0, 0, 0, 0, 0, 0, 0, 0]
1:7:109:Reg(1):8:[5, 4, 0, 0, 4, 0, 2, 0, 0, 0, 0, 0, 0, 0, 0, 0, 0, 0, 0, 0]
7:4:110:isProcessAlive(1):227:[5, 4, 0, 0, 4, 0, 2, 2, 0, 0, 0, 0, 0, 0, 0, 0, 0, 0, 0, 0]
4:7:111:!(scala.actors.Channel@bd45,false):228:[5, 4, 0, 0, 6, 0, 2, 2, 0, 0, 0, 0, 0, 0, 0, 0, 0, 0, 0, 0]
2:6:107:InsertNewForward(pName,1):316:[6, 0, 2, 0, 4, 0, 0, 0, 0, 0, 0, 0, 0, 0, 0, 0, 0, 0, 0, 0]
6:2:114:!(scala.actors.Channel@be8d,false):317:[6, 2, 2, 0, 4, 0, 4, 0, 0, 0, 0, 0, 0, 0, 0, 0, 0, 0, 0, 0]
7:6:113:InsertNewBackward(1,samira.procreg.Monitor@bd4e):318:[5, 4, 0, 0, 6, 0, 2, 5, 0, 0, 0, 0, 0, 0, 0, 0, 0, 0, 0, 0]
6:7:116:!(scala.actors.Channel@bd26,true):319:[6, 4, 2, 0, 6, 0, 6, 5, 0, 0, 0, 0, 0, 0, 0, 0, 0, 0, 0, 0]
7:7:112:Down(1):320:[5, 4, 0, 0, 6, 0, 2, 4, 0, 0, 0, 0, 0, 0, 0, 0, 0, 0, 0, 0]
7:6:117:GetMatch(1):321:[6, 4, 2, 0, 6, 0, 6, 8, 0, 0, 0, 0, 0, 0, 0, 0, 0, 0, 0, 0]
6:7:118:!(scala.actors.Channel@bcaf,Some(samira.procreg.Monitor@bd4e)):322:[6, 4, 2, 0, 6, 0, 8, 8, 0, 0, 0, 0, 0, 0, 0, 0, 0, 0, 0, 0]
7:6:119:DeleteEntry(1):323:[6, 4, 2, 0, 6, 0, 8, 10, 0, 0, 0, 0, 0, 0, 0, 0, 0, 0, 0, 0]
6:7:120:!(scala.actors.Channel@bd26,()):324:[6, 4, 2, 0, 6, 0, 10, 10, 0, 0, 0, 0, 0, 0, 0, 0, 0, 0, 0, 0]
2:7:115:Where(pName):325:[6, 2, 4, 0, 4, 0, 4, 0, 0, 0, 0, 0, 0, 0, 0, 0, 0, 0, 0, 0]
7:6:121:Lookup(pName):326:[6, 4, 4, 0, 6, 0, 10, 13, 0, 0, 0, 0, 0, 0, 0, 0, 0, 0, 0, 0]
6:7:122:!(scala.actors.Channel@bcaf,-1):327:[6, 4, 4, 0, 6, 0, 12, 13, 0, 0, 0, 0, 0, 0, 0, 0, 0, 0, 0, 0]
7:4:123:isProcessAlive(-1):328:[6, 4, 4, 0, 6, 0, 12, 15, 0, 0, 0, 0, 0, 0, 0, 0, 0, 0, 0, 0]
4:7:124:!(scala.actors.Channel@bd26,false):329:[6, 4, 4, 0, 8, 0, 12, 15, 0, 0, 0, 0, 0, 0, 0, 0, 0, 0, 0, 0]
7:2:125:!(scala.actors.Channel@bda5,-1):330:[6, 4, 4, 0, 8, 0, 12, 17, 0, 0, 0, 0, 0, 0, 0, 0, 0, 0, 0, 0]
2:7:126:Audit(pName):331:[6, 4, 6, 0, 8, 0, 12, 17, 0, 0, 0, 0, 0, 0, 0, 0, 0, 0, 0, 0]
7:6:127:Lookup(pName):332:[6, 4, 6, 0, 8, 0, 12, 19, 0, 0, 0, 0, 0, 0, 0, 0, 0, 0, 0, 0]
6:7:128:!(scala.actors.Channel@bd45,-1):333:[6, 4, 6, 0, 8, 0, 14, 19, 0, 0, 0, 0, 0, 0, 0, 0, 0, 0, 0, 0]
7:4:129:isProcessAlive(-1):334:[6, 4, 6, 0, 8, 0, 14, 21, 0, 0, 0, 0, 0, 0, 0, 0, 0, 0, 0, 0]
4:7:130:!(scala.actors.Channel@bcaf,false):335:[6, 4, 6, 0, 10, 0, 14, 21, 0, 0, 0, 0, 0, 0, 0, 0, 0, 0, 0, 0]
7:6:131:DeleteEntry(-1):336:[6, 4, 6, 0, 10, 0, 14, 23, 0, 0, 0, 0, 0, 0, 0, 0, 0, 0, 0, 0]
6:7:132:!(scala.actors.Channel@bd26,()):337:[6, 4, 6, 0, 10, 0, 16, 23, 0, 0, 0, 0, 0, 0, 0, 0, 0, 0, 0, 0]
7:2:133:!(scala.actors.Channel@be8d,()):338:[6, 4, 6, 0, 10, 0, 16, 25, 0, 0, 0, 0, 0, 0, 0, 0, 0, 0, 0, 0]
2:6:134:InsertNewForward(pName,1):339:[6, 4, 8, 0, 10, 0, 16, 25, 0, 0, 0, 0, 0, 0, 0, 0, 0, 0, 0, 0]
6:2:135:!(scala.actors.Channel@bda5,true):340:[6, 4, 8, 0, 10, 0, 18, 25, 0, 0, 0, 0, 0, 0, 0, 0, 0, 0, 0, 0]
2:7:136:Reg(1):341:[6, 4, 10, 0, 10, 0, 18, 25, 0, 0, 0, 0, 0, 0, 0, 0, 0, 0, 0, 0]
7:4:137:isProcessAlive(1):342:[6, 4, 10, 0, 10, 0, 18, 27, 0, 0, 0, 0, 0, 0, 0, 0, 0, 0, 0, 0]
4:7:138:!(scala.actors.Channel@bd45,false):343:[6, 4, 10, 0, 12, 0, 18, 27, 0, 0, 0, 0, 0, 0, 0, 0, 0, 0, 0, 0]
7:6:140:InsertNewBackward(1,samira.procreg.Monitor@bd4e):344:[6, 4, 10, 0, 12, 0, 18, 30, 0, 0, 0, 0, 0, 0, 0, 0, 0, 0, 0, 0]
6:7:141:!(scala.actors.Channel@bd26,true):345:[6, 4, 10, 0, 12, 0, 20, 30, 0, 0, 0, 0, 0, 0, 0, 0, 0, 0, 0, 0]
7:7:139:Down(1):346:[6, 4, 10, 0, 12, 0, 18, 29, 0, 0, 0, 0, 0, 0, 0, 0, 0, 0, 0, 0]
7:6:142:GetMatch(1):347:[6, 4, 10, 0, 12, 0, 20, 33, 0, 0, 0, 0, 0, 0, 0, 0, 0, 0, 0, 0]
6:7:143:!(scala.actors.Channel@bcaf,Some(samira.procreg.Monitor@bd4e)):348:[6, 4, 10, 0, 12, 0, 22, 33, 0, 0, 0, 0, 0, 0, 0, 0, 0, 0, 0, 0]
7:6:144:DeleteEntry(1):349:[6, 4, 10, 0, 12, 0, 22, 35, 0, 0, 0, 0, 0, 0, 0, 0, 0, 0, 0, 0]
6:7:145:!(scala.actors.Channel@bd26,()):350:[6, 4, 10, 0, 12, 0, 24, 35, 0, 0, 0, 0, 0, 0, 0, 0, 0, 0, 0, 0]
##BUG:NO_BUG:15:15sec:46
0:4:100:spawn(pName):0:[1, 0, 0, 0, 0, 0, 0, 0, 0, 0, 0, 0, 0, 0, 0, 0, 0, 0, 0, 0]
4:0:101:!(scala.actors.Channel@ba76,1):1:[1, 0, 0, 0, 2, 0, 0, 0, 0, 0, 0, 0, 0, 0, 0, 0, 0, 0, 0, 0]
0:4:102:kill(1):2:[3, 0, 0, 0, 2, 0, 0, 0, 0, 0, 0, 0, 0, 0, 0, 0, 0, 0, 0, 0]
4:0:103:!(scala.actors.Channel@bfde,()):3:[3, 0, 0, 0, 4, 0, 0, 0, 0, 0, 0, 0, 0, 0, 0, 0, 0, 0, 0, 0]
0:1:104:Register(pName,1):4:[5, 0, 0, 0, 4, 0, 0, 0, 0, 0, 0, 0, 0, 0, 0, 0, 0, 0, 0, 0]
0:2:105:Register(pName,1):5:[6, 0, 0, 0, 4, 0, 0, 0, 0, 0, 0, 0, 0, 0, 0, 0, 0, 0, 0, 0]
2:6:107:InsertNewForward(pName,1):6:[6, 0, 2, 0, 4, 0, 0, 0, 0, 0, 0, 0, 0, 0, 0, 0, 0, 0, 0, 0]
6:2:108:!(scala.actors.Channel@be8d,true):351:[6, 0, 2, 0, 4, 0, 2, 0, 0, 0, 0, 0, 0, 0, 0, 0, 0, 0, 0, 0]
1:6:106:InsertNewForward(pName,1):352:[5, 2, 0, 0, 4, 0, 0, 0, 0, 0, 0, 0, 0, 0, 0, 0, 0, 0, 0, 0]
6:1:110:!(scala.actors.Channel@bf01,false):353:[6, 2, 2, 0, 4, 0, 4, 0, 0, 0, 0, 0, 0, 0, 0, 0, 0, 0, 0, 0]
2:7:109:Reg(1):354:[6, 0, 4, 0, 4, 0, 2, 0, 0, 0, 0, 0, 0, 0, 0, 0, 0, 0, 0, 0]
7:4:112:isProcessAlive(1):355:[6, 0, 4, 0, 4, 0, 2, 2, 0, 0, 0, 0, 0, 0, 0, 0, 0, 0, 0, 0]
4:7:113:!(scala.actors.Channel@bd45,false):356:[6, 0, 4, 0, 6, 0, 2, 2, 0, 0, 0, 0, 0, 0, 0, 0, 0, 0, 0, 0]
7:6:115:InsertNewBackward(1,samira.procreg.Monitor@bd4e):357:[6, 0, 4, 0, 6, 0, 2, 5, 0, 0, 0, 0, 0, 0, 0, 0, 0, 0, 0, 0]
6:7:116:!(scala.actors.Channel@bd26,true):358:[6, 2, 4, 0, 6, 0, 6, 5, 0, 0, 0, 0, 0, 0, 0, 0, 0, 0, 0, 0]
1:7:111:Where(pName):359:[6, 4, 2, 0, 4, 0, 4, 0, 0, 0, 0, 0, 0, 0, 0, 0, 0, 0, 0, 0]
7:6:117:Lookup(pName):360:[6, 4, 4, 0, 6, 0, 6, 8, 0, 0, 0, 0, 0, 0, 0, 0, 0, 0, 0, 0]
6:7:118:!(scala.actors.Channel@bcaf,1):361:[6, 4, 4, 0, 6, 0, 8, 8, 0, 0, 0, 0, 0, 0, 0, 0, 0, 0, 0, 0]
7:4:119:isProcessAlive(1):362:[6, 4, 4, 0, 6, 0, 8, 10, 0, 0, 0, 0, 0, 0, 0, 0, 0, 0, 0, 0]
4:7:120:!(scala.actors.Channel@bd26,false):363:[6, 4, 4, 0, 8, 0, 8, 10, 0, 0, 0, 0, 0, 0, 0, 0, 0, 0, 0, 0]
7:1:121:!(scala.actors.Channel@8770,-1):364:[6, 4, 4, 0, 8, 0, 8, 12, 0, 0, 0, 0, 0, 0, 0, 0, 0, 0, 0, 0]
7:7:114:Down(1):365:[6, 0, 4, 0, 6, 0, 2, 4, 0, 0, 0, 0, 0, 0, 0, 0, 0, 0, 0, 0]
7:6:123:GetMatch(1):366:[6, 4, 4, 0, 8, 0, 8, 14, 0, 0, 0, 0, 0, 0, 0, 0, 0, 0, 0, 0]
6:7:124:!(scala.actors.Channel@bd45,Some(samira.procreg.Monitor@bd4e)):367:[6, 4, 4, 0, 8, 0, 10, 14, 0, 0, 0, 0, 0, 0, 0, 0, 0, 0, 0, 0]
7:6:125:DeleteEntry(1):368:[6, 4, 4, 0, 8, 0, 10, 16, 0, 0, 0, 0, 0, 0, 0, 0, 0, 0, 0, 0]
6:7:126:!(scala.actors.Channel@bcaf,()):369:[6, 4, 4, 0, 8, 0, 12, 16, 0, 0, 0, 0, 0, 0, 0, 0, 0, 0, 0, 0]
1:7:122:Audit(pName):370:[6, 6, 4, 0, 8, 0, 8, 12, 0, 0, 0, 0, 0, 0, 0, 0, 0, 0, 0, 0]
7:6:127:Lookup(pName):371:[6, 6, 4, 0, 8, 0, 12, 19, 0, 0, 0, 0, 0, 0, 0, 0, 0, 0, 0, 0]
6:7:128:!(scala.actors.Channel@bd45,-1):372:[6, 6, 4, 0, 8, 0, 14, 19, 0, 0, 0, 0, 0, 0, 0, 0, 0, 0, 0, 0]
7:4:129:isProcessAlive(-1):373:[6, 6, 4, 0, 8, 0, 14, 21, 0, 0, 0, 0, 0, 0, 0, 0, 0, 0, 0, 0]
4:7:130:!(scala.actors.Channel@bcaf,false):374:[6, 6, 4, 0, 10, 0, 14, 21, 0, 0, 0, 0, 0, 0, 0, 0, 0, 0, 0, 0]
7:6:131:DeleteEntry(-1):375:[6, 6, 4, 0, 10, 0, 14, 23, 0, 0, 0, 0, 0, 0, 0, 0, 0, 0, 0, 0]
6:7:132:!(scala.actors.Channel@bd26,()):376:[6, 6, 4, 0, 10, 0, 16, 23, 0, 0, 0, 0, 0, 0, 0, 0, 0, 0, 0, 0]
7:1:133:!(scala.actors.Channel@bf01,()):377:[6, 6, 4, 0, 10, 0, 16, 25, 0, 0, 0, 0, 0, 0, 0, 0, 0, 0, 0, 0]
1:6:134:InsertNewForward(pName,1):378:[6, 8, 4, 0, 10, 0, 16, 25, 0, 0, 0, 0, 0, 0, 0, 0, 0, 0, 0, 0]
6:1:135:!(scala.actors.Channel@8770,true):379:[6, 8, 4, 0, 10, 0, 18, 25, 0, 0, 0, 0, 0, 0, 0, 0, 0, 0, 0, 0]
1:7:136:Reg(1):380:[6, 10, 4, 0, 10, 0, 18, 25, 0, 0, 0, 0, 0, 0, 0, 0, 0, 0, 0, 0]
7:4:137:isProcessAlive(1):381:[6, 10, 4, 0, 10, 0, 18, 27, 0, 0, 0, 0, 0, 0, 0, 0, 0, 0, 0, 0]
4:7:138:!(scala.actors.Channel@bd45,false):382:[6, 10, 4, 0, 12, 0, 18, 27, 0, 0, 0, 0, 0, 0, 0, 0, 0, 0, 0, 0]
7:6:140:InsertNewBackward(1,samira.procreg.Monitor@bd4e):383:[6, 10, 4, 0, 12, 0, 18, 30, 0, 0, 0, 0, 0, 0, 0, 0, 0, 0, 0, 0]
6:7:141:!(scala.actors.Channel@bd26,true):384:[6, 10, 4, 0, 12, 0, 20, 30, 0, 0, 0, 0, 0, 0, 0, 0, 0, 0, 0, 0]
7:7:139:Down(1):385:[6, 10, 4, 0, 12, 0, 18, 29, 0, 0, 0, 0, 0, 0, 0, 0, 0, 0, 0, 0]
7:6:142:GetMatch(1):386:[6, 10, 4, 0, 12, 0, 20, 33, 0, 0, 0, 0, 0, 0, 0, 0, 0, 0, 0, 0]
6:7:143:!(scala.actors.Channel@bcaf,Some(samira.procreg.Monitor@bd4e)):387:[6, 10, 4, 0, 12, 0, 22, 33, 0, 0, 0, 0, 0, 0, 0, 0, 0, 0, 0, 0]
7:6:144:DeleteEntry(1):388:[6, 10, 4, 0, 12, 0, 22, 35, 0, 0, 0, 0, 0, 0, 0, 0, 0, 0, 0, 0]
6:7:145:!(scala.actors.Channel@bd26,()):389:[6, 10, 4, 0, 12, 0, 24, 35, 0, 0, 0, 0, 0, 0, 0, 0, 0, 0, 0, 0]
##BUG:NO_BUG:16:15sec:44
0:4:100:spawn(pName):0:[1, 0, 0, 0, 0, 0, 0, 0, 0, 0, 0, 0, 0, 0, 0, 0, 0, 0, 0, 0]
4:0:101:!(scala.actors.Channel@ba76,1):1:[1, 0, 0, 0, 2, 0, 0, 0, 0, 0, 0, 0, 0, 0, 0, 0, 0, 0, 0, 0]
0:4:102:kill(1):2:[3, 0, 0, 0, 2, 0, 0, 0, 0, 0, 0, 0, 0, 0, 0, 0, 0, 0, 0, 0]
4:0:103:!(scala.actors.Channel@bfde,()):3:[3, 0, 0, 0, 4, 0, 0, 0, 0, 0, 0, 0, 0, 0, 0, 0, 0, 0, 0, 0]
0:1:104:Register(pName,1):4:[5, 0, 0, 0, 4, 0, 0, 0, 0, 0, 0, 0, 0, 0, 0, 0, 0, 0, 0, 0]
0:2:105:Register(pName,1):5:[6, 0, 0, 0, 4, 0, 0, 0, 0, 0, 0, 0, 0, 0, 0, 0, 0, 0, 0, 0]
2:6:107:InsertNewForward(pName,1):6:[6, 0, 2, 0, 4, 0, 0, 0, 0, 0, 0, 0, 0, 0, 0, 0, 0, 0, 0, 0]
6:2:108:!(scala.actors.Channel@be8d,true):351:[6, 0, 2, 0, 4, 0, 2, 0, 0, 0, 0, 0, 0, 0, 0, 0, 0, 0, 0, 0]
1:6:106:InsertNewForward(pName,1):352:[5, 2, 0, 0, 4, 0, 0, 0, 0, 0, 0, 0, 0, 0, 0, 0, 0, 0, 0, 0]
6:1:110:!(scala.actors.Channel@bf01,false):353:[6, 2, 2, 0, 4, 0, 4, 0, 0, 0, 0, 0, 0, 0, 0, 0, 0, 0, 0, 0]
2:7:109:Reg(1):354:[6, 0, 4, 0, 4, 0, 2, 0, 0, 0, 0, 0, 0, 0, 0, 0, 0, 0, 0, 0]
7:4:112:isProcessAlive(1):355:[6, 0, 4, 0, 4, 0, 2, 2, 0, 0, 0, 0, 0, 0, 0, 0, 0, 0, 0, 0]
4:7:113:!(scala.actors.Channel@bd45,false):356:[6, 0, 4, 0, 6, 0, 2, 2, 0, 0, 0, 0, 0, 0, 0, 0, 0, 0, 0, 0]
7:6:115:InsertNewBackward(1,samira.procreg.Monitor@bd4e):357:[6, 0, 4, 0, 6, 0, 2, 5, 0, 0, 0, 0, 0, 0, 0, 0, 0, 0, 0, 0]
6:7:116:!(scala.actors.Channel@bd26,true):358:[6, 2, 4, 0, 6, 0, 6, 5, 0, 0, 0, 0, 0, 0, 0, 0, 0, 0, 0, 0]
1:7:111:Where(pName):359:[6, 4, 2, 0, 4, 0, 4, 0, 0, 0, 0, 0, 0, 0, 0, 0, 0, 0, 0, 0]
7:6:117:Lookup(pName):360:[6, 4, 4, 0, 6, 0, 6, 8, 0, 0, 0, 0, 0, 0, 0, 0, 0, 0, 0, 0]
6:7:118:!(scala.actors.Channel@bcaf,1):361:[6, 4, 4, 0, 6, 0, 8, 8, 0, 0, 0, 0, 0, 0, 0, 0, 0, 0, 0, 0]
7:4:119:isProcessAlive(1):362:[6, 4, 4, 0, 6, 0, 8, 10, 0, 0, 0, 0, 0, 0, 0, 0, 0, 0, 0, 0]
4:7:120:!(scala.actors.Channel@bd26,false):363:[6, 4, 4, 0, 8, 0, 8, 10, 0, 0, 0, 0, 0, 0, 0, 0, 0, 0, 0, 0]
7:1:121:!(scala.actors.Channel@8770,-1):364:[6, 4, 4, 0, 8, 0, 8, 12, 0, 0, 0, 0, 0, 0, 0, 0, 0, 0, 0, 0]
1:7:122:Audit(pName):365:[6, 6, 4, 0, 8, 0, 8, 12, 0, 0, 0, 0, 0, 0, 0, 0, 0, 0, 0, 0]
7:6:123:Lookup(pName):390:[6, 6, 4, 0, 8, 0, 8, 14, 0, 0, 0, 0, 0, 0, 0, 0, 0, 0, 0, 0]
6:7:124:!(scala.actors.Channel@bd45,1):391:[6, 6, 4, 0, 8, 0, 10, 14, 0, 0, 0, 0, 0, 0, 0, 0, 0, 0, 0, 0]
7:4:125:isProcessAlive(1):392:[6, 6, 4, 0, 8, 0, 10, 16, 0, 0, 0, 0, 0, 0, 0, 0, 0, 0, 0, 0]
4:7:126:!(scala.actors.Channel@bcaf,false):393:[6, 6, 4, 0, 10, 0, 10, 16, 0, 0, 0, 0, 0, 0, 0, 0, 0, 0, 0, 0]
7:6:127:DeleteEntry(1):394:[6, 6, 4, 0, 10, 0, 10, 18, 0, 0, 0, 0, 0, 0, 0, 0, 0, 0, 0, 0]
6:7:128:!(scala.actors.Channel@bd26,()):395:[6, 6, 4, 0, 10, 0, 12, 18, 0, 0, 0, 0, 0, 0, 0, 0, 0, 0, 0, 0]
7:1:129:!(scala.actors.Channel@bf01,()):396:[6, 6, 4, 0, 10, 0, 12, 20, 0, 0, 0, 0, 0, 0, 0, 0, 0, 0, 0, 0]
1:6:130:InsertNewForward(pName,1):397:[6, 8, 4, 0, 10, 0, 12, 20, 0, 0, 0, 0, 0, 0, 0, 0, 0, 0, 0, 0]
6:1:131:!(scala.actors.Channel@8770,true):398:[6, 8, 4, 0, 10, 0, 14, 20, 0, 0, 0, 0, 0, 0, 0, 0, 0, 0, 0, 0]
7:7:114:Down(1):399:[6, 0, 4, 0, 6, 0, 2, 4, 0, 0, 0, 0, 0, 0, 0, 0, 0, 0, 0, 0]
7:6:133:GetMatch(1):400:[6, 6, 4, 0, 10, 0, 12, 22, 0, 0, 0, 0, 0, 0, 0, 0, 0, 0, 0, 0]
6:7:134:!(scala.actors.Channel@bd45,None):401:[6, 8, 4, 0, 10, 0, 16, 22, 0, 0, 0, 0, 0, 0, 0, 0, 0, 0, 0, 0]
1:7:132:Reg(1):402:[6, 10, 4, 0, 10, 0, 14, 20, 0, 0, 0, 0, 0, 0, 0, 0, 0, 0, 0, 0]
7:4:135:isProcessAlive(1):403:[6, 10, 4, 0, 10, 0, 16, 25, 0, 0, 0, 0, 0, 0, 0, 0, 0, 0, 0, 0]
4:7:136:!(scala.actors.Channel@bd26,false):404:[6, 10, 4, 0, 12, 0, 16, 25, 0, 0, 0, 0, 0, 0, 0, 0, 0, 0, 0, 0]
7:6:138:InsertNewBackward(1,samira.procreg.Monitor@bd4e):405:[6, 10, 4, 0, 12, 0, 16, 28, 0, 0, 0, 0, 0, 0, 0, 0, 0, 0, 0, 0]
6:7:139:!(scala.actors.Channel@bcaf,true):406:[6, 10, 4, 0, 12, 0, 18, 28, 0, 0, 0, 0, 0, 0, 0, 0, 0, 0, 0, 0]
7:7:137:Down(1):407:[6, 10, 4, 0, 12, 0, 16, 27, 0, 0, 0, 0, 0, 0, 0, 0, 0, 0, 0, 0]
7:6:140:GetMatch(1):408:[6, 10, 4, 0, 12, 0, 18, 31, 0, 0, 0, 0, 0, 0, 0, 0, 0, 0, 0, 0]
6:7:141:!(scala.actors.Channel@bd45,Some(samira.procreg.Monitor@bd4e)):409:[6, 10, 4, 0, 12, 0, 20, 31, 0, 0, 0, 0, 0, 0, 0, 0, 0, 0, 0, 0]
7:6:142:DeleteEntry(1):410:[6, 10, 4, 0, 12, 0, 20, 33, 0, 0, 0, 0, 0, 0, 0, 0, 0, 0, 0, 0]
6:7:143:!(scala.actors.Channel@bcaf,()):411:[6, 10, 4, 0, 12, 0, 22, 33, 0, 0, 0, 0, 0, 0, 0, 0, 0, 0, 0, 0]
##BUG:NO_BUG:17:16sec:46
0:4:100:spawn(pName):0:[1, 0, 0, 0, 0, 0, 0, 0, 0, 0, 0, 0, 0, 0, 0, 0, 0, 0, 0, 0]
4:0:101:!(scala.actors.Channel@ba76,1):1:[1, 0, 0, 0, 2, 0, 0, 0, 0, 0, 0, 0, 0, 0, 0, 0, 0, 0, 0, 0]
0:4:102:kill(1):2:[3, 0, 0, 0, 2, 0, 0, 0, 0, 0, 0, 0, 0, 0, 0, 0, 0, 0, 0, 0]
4:0:103:!(scala.actors.Channel@bfde,()):3:[3, 0, 0, 0, 4, 0, 0, 0, 0, 0, 0, 0, 0, 0, 0, 0, 0, 0, 0, 0]
0:1:104:Register(pName,1):4:[5, 0, 0, 0, 4, 0, 0, 0, 0, 0, 0, 0, 0, 0, 0, 0, 0, 0, 0, 0]
0:2:105:Register(pName,1):5:[6, 0, 0, 0, 4, 0, 0, 0, 0, 0, 0, 0, 0, 0, 0, 0, 0, 0, 0, 0]
2:6:107:InsertNewForward(pName,1):6:[6, 0, 2, 0, 4, 0, 0, 0, 0, 0, 0, 0, 0, 0, 0, 0, 0, 0, 0, 0]
6:2:108:!(scala.actors.Channel@be8d,true):351:[6, 0, 2, 0, 4, 0, 2, 0, 0, 0, 0, 0, 0, 0, 0, 0, 0, 0, 0, 0]
1:6:106:InsertNewForward(pName,1):352:[5, 2, 0, 0, 4, 0, 0, 0, 0, 0, 0, 0, 0, 0, 0, 0, 0, 0, 0, 0]
6:1:110:!(scala.actors.Channel@bf01,false):353:[6, 2, 2, 0, 4, 0, 4, 0, 0, 0, 0, 0, 0, 0, 0, 0, 0, 0, 0, 0]
2:7:109:Reg(1):354:[6, 0, 4, 0, 4, 0, 2, 0, 0, 0, 0, 0, 0, 0, 0, 0, 0, 0, 0, 0]
7:4:112:isProcessAlive(1):355:[6, 0, 4, 0, 4, 0, 2, 2, 0, 0, 0, 0, 0, 0, 0, 0, 0, 0, 0, 0]
4:7:113:!(scala.actors.Channel@bd45,false):356:[6, 0, 4, 0, 6, 0, 2, 2, 0, 0, 0, 0, 0, 0, 0, 0, 0, 0, 0, 0]
7:6:115:InsertNewBackward(1,samira.procreg.Monitor@bd4e):357:[6, 0, 4, 0, 6, 0, 2, 5, 0, 0, 0, 0, 0, 0, 0, 0, 0, 0, 0, 0]
6:7:116:!(scala.actors.Channel@bd26,true):358:[6, 2, 4, 0, 6, 0, 6, 5, 0, 0, 0, 0, 0, 0, 0, 0, 0, 0, 0, 0]
7:7:114:Down(1):359:[6, 0, 4, 0, 6, 0, 2, 4, 0, 0, 0, 0, 0, 0, 0, 0, 0, 0, 0, 0]
7:6:117:GetMatch(1):412:[6, 2, 4, 0, 6, 0, 6, 8, 0, 0, 0, 0, 0, 0, 0, 0, 0, 0, 0, 0]
6:7:118:!(scala.actors.Channel@bcaf,Some(samira.procreg.Monitor@bd4e)):413:[6, 2, 4, 0, 6, 0, 8, 8, 0, 0, 0, 0, 0, 0, 0, 0, 0, 0, 0, 0]
7:6:119:DeleteEntry(1):414:[6, 2, 4, 0, 6, 0, 8, 10, 0, 0, 0, 0, 0, 0, 0, 0, 0, 0, 0, 0]
6:7:120:!(scala.actors.Channel@bd26,()):415:[6, 2, 4, 0, 6, 0, 10, 10, 0, 0, 0, 0, 0, 0, 0, 0, 0, 0, 0, 0]
1:7:111:Where(pName):416:[6, 4, 2, 0, 4, 0, 4, 0, 0, 0, 0, 0, 0, 0, 0, 0, 0, 0, 0, 0]
7:6:121:Lookup(pName):417:[6, 4, 4, 0, 6, 0, 10, 13, 0, 0, 0, 0, 0, 0, 0, 0, 0, 0, 0, 0]
6:7:122:!(scala.actors.Channel@bcaf,-1):418:[6, 4, 4, 0, 6, 0, 12, 13, 0, 0, 0, 0, 0, 0, 0, 0, 0, 0, 0, 0]
7:4:123:isProcessAlive(-1):419:[6, 4, 4, 0, 6, 0, 12, 15, 0, 0, 0, 0, 0, 0, 0, 0, 0, 0, 0, 0]
4:7:124:!(scala.actors.Channel@bd26,false):420:[6, 4, 4, 0, 8, 0, 12, 15, 0, 0, 0, 0, 0, 0, 0, 0, 0, 0, 0, 0]
7:1:125:!(scala.actors.Channel@8770,-1):421:[6, 4, 4, 0, 8, 0, 12, 17, 0, 0, 0, 0, 0, 0, 0, 0, 0, 0, 0, 0]
1:7:126:Audit(pName):422:[6, 6, 4, 0, 8, 0, 12, 17, 0, 0, 0, 0, 0, 0, 0, 0, 0, 0, 0, 0]
7:6:127:Lookup(pName):423:[6, 6, 4, 0, 8, 0, 12, 19, 0, 0, 0, 0, 0, 0, 0, 0, 0, 0, 0, 0]
6:7:128:!(scala.actors.Channel@bd45,-1):424:[6, 6, 4, 0, 8, 0, 14, 19, 0, 0, 0, 0, 0, 0, 0, 0, 0, 0, 0, 0]
7:4:129:isProcessAlive(-1):425:[6, 6, 4, 0, 8, 0, 14, 21, 0, 0, 0, 0, 0, 0, 0, 0, 0, 0, 0, 0]
4:7:130:!(scala.actors.Channel@bcaf,false):426:[6, 6, 4, 0, 10, 0, 14, 21, 0, 0, 0, 0, 0, 0, 0, 0, 0, 0, 0, 0]
7:6:131:DeleteEntry(-1):427:[6, 6, 4, 0, 10, 0, 14, 23, 0, 0, 0, 0, 0, 0, 0, 0, 0, 0, 0, 0]
6:7:132:!(scala.actors.Channel@bd26,()):428:[6, 6, 4, 0, 10, 0, 16, 23, 0, 0, 0, 0, 0, 0, 0, 0, 0, 0, 0, 0]
7:1:133:!(scala.actors.Channel@bf01,()):429:[6, 6, 4, 0, 10, 0, 16, 25, 0, 0, 0, 0, 0, 0, 0, 0, 0, 0, 0, 0]
1:6:134:InsertNewForward(pName,1):430:[6, 8, 4, 0, 10, 0, 16, 25, 0, 0, 0, 0, 0, 0, 0, 0, 0, 0, 0, 0]
6:1:135:!(scala.actors.Channel@8770,true):431:[6, 8, 4, 0, 10, 0, 18, 25, 0, 0, 0, 0, 0, 0, 0, 0, 0, 0, 0, 0]
1:7:136:Reg(1):432:[6, 10, 4, 0, 10, 0, 18, 25, 0, 0, 0, 0, 0, 0, 0, 0, 0, 0, 0, 0]
7:4:137:isProcessAlive(1):433:[6, 10, 4, 0, 10, 0, 18, 27, 0, 0, 0, 0, 0, 0, 0, 0, 0, 0, 0, 0]
4:7:138:!(scala.actors.Channel@bd45,false):434:[6, 10, 4, 0, 12, 0, 18, 27, 0, 0, 0, 0, 0, 0, 0, 0, 0, 0, 0, 0]
7:6:140:InsertNewBackward(1,samira.procreg.Monitor@bd4e):435:[6, 10, 4, 0, 12, 0, 18, 30, 0, 0, 0, 0, 0, 0, 0, 0, 0, 0, 0, 0]
6:7:141:!(scala.actors.Channel@bd26,true):436:[6, 10, 4, 0, 12, 0, 20, 30, 0, 0, 0, 0, 0, 0, 0, 0, 0, 0, 0, 0]
7:7:139:Down(1):437:[6, 10, 4, 0, 12, 0, 18, 29, 0, 0, 0, 0, 0, 0, 0, 0, 0, 0, 0, 0]
7:6:142:GetMatch(1):438:[6, 10, 4, 0, 12, 0, 20, 33, 0, 0, 0, 0, 0, 0, 0, 0, 0, 0, 0, 0]
6:7:143:!(scala.actors.Channel@bcaf,Some(samira.procreg.Monitor@bd4e)):439:[6, 10, 4, 0, 12, 0, 22, 33, 0, 0, 0, 0, 0, 0, 0, 0, 0, 0, 0, 0]
7:6:144:DeleteEntry(1):440:[6, 10, 4, 0, 12, 0, 22, 35, 0, 0, 0, 0, 0, 0, 0, 0, 0, 0, 0, 0]
6:7:145:!(scala.actors.Channel@bd26,()):441:[6, 10, 4, 0, 12, 0, 24, 35, 0, 0, 0, 0, 0, 0, 0, 0, 0, 0, 0, 0]
##BUG:NO_BUG:18:17sec:44
0:4:100:spawn(pName):0:[1, 0, 0, 0, 0, 0, 0, 0, 0, 0, 0, 0, 0, 0, 0, 0, 0, 0, 0, 0]
4:0:101:!(scala.actors.Channel@ba76,1):1:[1, 0, 0, 0, 2, 0, 0, 0, 0, 0, 0, 0, 0, 0, 0, 0, 0, 0, 0, 0]
0:4:102:kill(1):2:[3, 0, 0, 0, 2, 0, 0, 0, 0, 0, 0, 0, 0, 0, 0, 0, 0, 0, 0, 0]
4:0:103:!(scala.actors.Channel@bfde,()):3:[3, 0, 0, 0, 4, 0, 0, 0, 0, 0, 0, 0, 0, 0, 0, 0, 0, 0, 0, 0]
0:1:104:Register(pName,1):4:[5, 0, 0, 0, 4, 0, 0, 0, 0, 0, 0, 0, 0, 0, 0, 0, 0, 0, 0, 0]
0:2:105:Register(pName,1):5:[6, 0, 0, 0, 4, 0, 0, 0, 0, 0, 0, 0, 0, 0, 0, 0, 0, 0, 0, 0]
2:6:107:InsertNewForward(pName,1):6:[6, 0, 2, 0, 4, 0, 0, 0, 0, 0, 0, 0, 0, 0, 0, 0, 0, 0, 0, 0]
6:2:108:!(scala.actors.Channel@be8d,true):351:[6, 0, 2, 0, 4, 0, 2, 0, 0, 0, 0, 0, 0, 0, 0, 0, 0, 0, 0, 0]
1:6:106:InsertNewForward(pName,1):352:[5, 2, 0, 0, 4, 0, 0, 0, 0, 0, 0, 0, 0, 0, 0, 0, 0, 0, 0, 0]
6:1:110:!(scala.actors.Channel@bf01,false):353:[6, 2, 2, 0, 4, 0, 4, 0, 0, 0, 0, 0, 0, 0, 0, 0, 0, 0, 0, 0]
1:7:111:Where(pName):354:[6, 4, 2, 0, 4, 0, 4, 0, 0, 0, 0, 0, 0, 0, 0, 0, 0, 0, 0, 0]
7:6:112:Lookup(pName):442:[6, 4, 2, 0, 4, 0, 4, 2, 0, 0, 0, 0, 0, 0, 0, 0, 0, 0, 0, 0]
6:7:113:!(scala.actors.Channel@bd45,1):443:[6, 4, 2, 0, 4, 0, 6, 2, 0, 0, 0, 0, 0, 0, 0, 0, 0, 0, 0, 0]
7:4:114:isProcessAlive(1):444:[6, 4, 2, 0, 4, 0, 6, 4, 0, 0, 0, 0, 0, 0, 0, 0, 0, 0, 0, 0]
4:7:115:!(scala.actors.Channel@bd26,false):445:[6, 4, 2, 0, 6, 0, 6, 4, 0, 0, 0, 0, 0, 0, 0, 0, 0, 0, 0, 0]
7:1:116:!(scala.actors.Channel@8770,-1):446:[6, 4, 2, 0, 6, 0, 6, 6, 0, 0, 0, 0, 0, 0, 0, 0, 0, 0, 0, 0]
2:7:109:Reg(1):447:[6, 0, 4, 0, 4, 0, 2, 0, 0, 0, 0, 0, 0, 0, 0, 0, 0, 0, 0, 0]
7:4:118:isProcessAlive(1):448:[6, 4, 4, 0, 6, 0, 6, 8, 0, 0, 0, 0, 0, 0, 0, 0, 0, 0, 0, 0]
4:7:119:!(scala.actors.Channel@bcaf,false):449:[6, 4, 4, 0, 8, 0, 6, 8, 0, 0, 0, 0, 0, 0, 0, 0, 0, 0, 0, 0]
7:6:121:InsertNewBackward(1,samira.procreg.Monitor@bd4e):450:[6, 4, 4, 0, 8, 0, 6, 11, 0, 0, 0, 0, 0, 0, 0, 0, 0, 0, 0, 0]
6:7:122:!(scala.actors.Channel@bd26,true):451:[6, 4, 4, 0, 8, 0, 8, 11, 0, 0, 0, 0, 0, 0, 0, 0, 0, 0, 0, 0]
1:7:117:Audit(pName):452:[6, 6, 2, 0, 6, 0, 6, 6, 0, 0, 0, 0, 0, 0, 0, 0, 0, 0, 0, 0]
7:6:123:Lookup(pName):453:[6, 6, 4, 0, 8, 0, 8, 14, 0, 0, 0, 0, 0, 0, 0, 0, 0, 0, 0, 0]
6:7:124:!(scala.actors.Channel@bd45,1):454:[6, 6, 4, 0, 8, 0, 10, 14, 0, 0, 0, 0, 0, 0, 0, 0, 0, 0, 0, 0]
7:4:125:isProcessAlive(1):455:[6, 6, 4, 0, 8, 0, 10, 16, 0, 0, 0, 0, 0, 0, 0, 0, 0, 0, 0, 0]
4:7:126:!(scala.actors.Channel@bd26,false):456:[6, 6, 4, 0, 10, 0, 10, 16, 0, 0, 0, 0, 0, 0, 0, 0, 0, 0, 0, 0]
7:6:127:DeleteEntry(1):457:[6, 6, 4, 0, 10, 0, 10, 18, 0, 0, 0, 0, 0, 0, 0, 0, 0, 0, 0, 0]
6:7:128:!(scala.actors.Channel@bcaf,()):458:[6, 6, 4, 0, 10, 0, 12, 18, 0, 0, 0, 0, 0, 0, 0, 0, 0, 0, 0, 0]
7:1:129:!(scala.actors.Channel@bf01,()):459:[6, 6, 4, 0, 10, 0, 12, 20, 0, 0, 0, 0, 0, 0, 0, 0, 0, 0, 0, 0]
1:6:130:InsertNewForward(pName,1):460:[6, 8, 4, 0, 10, 0, 12, 20, 0, 0, 0, 0, 0, 0, 0, 0, 0, 0, 0, 0]
6:1:131:!(scala.actors.Channel@8770,true):461:[6, 8, 4, 0, 10, 0, 14, 20, 0, 0, 0, 0, 0, 0, 0, 0, 0, 0, 0, 0]
7:7:120:Down(1):462:[6, 4, 4, 0, 8, 0, 6, 10, 0, 0, 0, 0, 0, 0, 0, 0, 0, 0, 0, 0]
7:6:133:GetMatch(1):463:[6, 6, 4, 0, 10, 0, 12, 22, 0, 0, 0, 0, 0, 0, 0, 0, 0, 0, 0, 0]
6:7:134:!(scala.actors.Channel@bd45,None):464:[6, 8, 4, 0, 10, 0, 16, 22, 0, 0, 0, 0, 0, 0, 0, 0, 0, 0, 0, 0]
1:7:132:Reg(1):465:[6, 10, 4, 0, 10, 0, 14, 20, 0, 0, 0, 0, 0, 0, 0, 0, 0, 0, 0, 0]
7:4:135:isProcessAlive(1):466:[6, 10, 4, 0, 10, 0, 16, 25, 0, 0, 0, 0, 0, 0, 0, 0, 0, 0, 0, 0]
4:7:136:!(scala.actors.Channel@bcaf,false):467:[6, 10, 4, 0, 12, 0, 16, 25, 0, 0, 0, 0, 0, 0, 0, 0, 0, 0, 0, 0]
7:6:138:InsertNewBackward(1,samira.procreg.Monitor@bd4e):468:[6, 10, 4, 0, 12, 0, 16, 28, 0, 0, 0, 0, 0, 0, 0, 0, 0, 0, 0, 0]
6:7:139:!(scala.actors.Channel@bd26,true):469:[6, 10, 4, 0, 12, 0, 18, 28, 0, 0, 0, 0, 0, 0, 0, 0, 0, 0, 0, 0]
7:7:137:Down(1):470:[6, 10, 4, 0, 12, 0, 16, 27, 0, 0, 0, 0, 0, 0, 0, 0, 0, 0, 0, 0]
7:6:140:GetMatch(1):471:[6, 10, 4, 0, 12, 0, 18, 31, 0, 0, 0, 0, 0, 0, 0, 0, 0, 0, 0, 0]
6:7:141:!(scala.actors.Channel@bd45,Some(samira.procreg.Monitor@bd4e)):472:[6, 10, 4, 0, 12, 0, 20, 31, 0, 0, 0, 0, 0, 0, 0, 0, 0, 0, 0, 0]
7:6:142:DeleteEntry(1):473:[6, 10, 4, 0, 12, 0, 20, 33, 0, 0, 0, 0, 0, 0, 0, 0, 0, 0, 0, 0]
6:7:143:!(scala.actors.Channel@bd26,()):474:[6, 10, 4, 0, 12, 0, 22, 33, 0, 0, 0, 0, 0, 0, 0, 0, 0, 0, 0, 0]
##BUG:NO_BUG:19:18sec:46
0:4:100:spawn(pName):0:[1, 0, 0, 0, 0, 0, 0, 0, 0, 0, 0, 0, 0, 0, 0, 0, 0, 0, 0, 0]
4:0:101:!(scala.actors.Channel@ba76,1):1:[1, 0, 0, 0, 2, 0, 0, 0, 0, 0, 0, 0, 0, 0, 0, 0, 0, 0, 0, 0]
0:4:102:kill(1):2:[3, 0, 0, 0, 2, 0, 0, 0, 0, 0, 0, 0, 0, 0, 0, 0, 0, 0, 0, 0]
4:0:103:!(scala.actors.Channel@bfde,()):3:[3, 0, 0, 0, 4, 0, 0, 0, 0, 0, 0, 0, 0, 0, 0, 0, 0, 0, 0, 0]
0:1:104:Register(pName,1):4:[5, 0, 0, 0, 4, 0, 0, 0, 0, 0, 0, 0, 0, 0, 0, 0, 0, 0, 0, 0]
0:2:105:Register(pName,1):5:[6, 0, 0, 0, 4, 0, 0, 0, 0, 0, 0, 0, 0, 0, 0, 0, 0, 0, 0, 0]
2:6:107:InsertNewForward(pName,1):6:[6, 0, 2, 0, 4, 0, 0, 0, 0, 0, 0, 0, 0, 0, 0, 0, 0, 0, 0, 0]
6:2:108:!(scala.actors.Channel@be8d,true):351:[6, 0, 2, 0, 4, 0, 2, 0, 0, 0, 0, 0, 0, 0, 0, 0, 0, 0, 0, 0]
2:7:109:Reg(1):352:[6, 0, 4, 0, 4, 0, 2, 0, 0, 0, 0, 0, 0, 0, 0, 0, 0, 0, 0, 0]
7:4:110:isProcessAlive(1):475:[6, 0, 4, 0, 4, 0, 2, 2, 0, 0, 0, 0, 0, 0, 0, 0, 0, 0, 0, 0]
1:6:106:InsertNewForward(pName,1):476:[5, 2, 0, 0, 4, 0, 0, 0, 0, 0, 0, 0, 0, 0, 0, 0, 0, 0, 0, 0]
6:1:112:!(scala.actors.Channel@bf01,false):477:[6, 2, 2, 0, 4, 0, 4, 0, 0, 0, 0, 0, 0, 0, 0, 0, 0, 0, 0, 0]
4:7:111:!(scala.actors.Channel@bd45,false):478:[6, 0, 4, 0, 6, 0, 2, 2, 0, 0, 0, 0, 0, 0, 0, 0, 0, 0, 0, 0]
7:6:115:InsertNewBackward(1,samira.procreg.Monitor@bd4e):479:[6, 0, 4, 0, 6, 0, 2, 5, 0, 0, 0, 0, 0, 0, 0, 0, 0, 0, 0, 0]
6:7:116:!(scala.actors.Channel@bd26,true):480:[6, 2, 4, 0, 6, 0, 6, 5, 0, 0, 0, 0, 0, 0, 0, 0, 0, 0, 0, 0]
1:7:113:Where(pName):481:[6, 4, 2, 0, 4, 0, 4, 0, 0, 0, 0, 0, 0, 0, 0, 0, 0, 0, 0, 0]
7:6:117:Lookup(pName):482:[6, 4, 4, 0, 6, 0, 6, 8, 0, 0, 0, 0, 0, 0, 0, 0, 0, 0, 0, 0]
6:7:118:!(scala.actors.Channel@bcaf,1):483:[6, 4, 4, 0, 6, 0, 8, 8, 0, 0, 0, 0, 0, 0, 0, 0, 0, 0, 0, 0]
7:4:119:isProcessAlive(1):484:[6, 4, 4, 0, 6, 0, 8, 10, 0, 0, 0, 0, 0, 0, 0, 0, 0, 0, 0, 0]
4:7:120:!(scala.actors.Channel@bd26,false):485:[6, 4, 4, 0, 8, 0, 8, 10, 0, 0, 0, 0, 0, 0, 0, 0, 0, 0, 0, 0]
7:1:121:!(scala.actors.Channel@8770,-1):486:[6, 4, 4, 0, 8, 0, 8, 12, 0, 0, 0, 0, 0, 0, 0, 0, 0, 0, 0, 0]
7:7:114:Down(1):487:[6, 0, 4, 0, 6, 0, 2, 4, 0, 0, 0, 0, 0, 0, 0, 0, 0, 0, 0, 0]
7:6:123:GetMatch(1):488:[6, 4, 4, 0, 8, 0, 8, 14, 0, 0, 0, 0, 0, 0, 0, 0, 0, 0, 0, 0]
6:7:124:!(scala.actors.Channel@bd45,Some(samira.procreg.Monitor@bd4e)):489:[6, 4, 4, 0, 8, 0, 10, 14, 0, 0, 0, 0, 0, 0, 0, 0, 0, 0, 0, 0]
7:6:125:DeleteEntry(1):490:[6, 4, 4, 0, 8, 0, 10, 16, 0, 0, 0, 0, 0, 0, 0, 0, 0, 0, 0, 0]
6:7:126:!(scala.actors.Channel@bcaf,()):491:[6, 4, 4, 0, 8, 0, 12, 16, 0, 0, 0, 0, 0, 0, 0, 0, 0, 0, 0, 0]
1:7:122:Audit(pName):492:[6, 6, 4, 0, 8, 0, 8, 12, 0, 0, 0, 0, 0, 0, 0, 0, 0, 0, 0, 0]
7:6:127:Lookup(pName):493:[6, 6, 4, 0, 8, 0, 12, 19, 0, 0, 0, 0, 0, 0, 0, 0, 0, 0, 0, 0]
6:7:128:!(scala.actors.Channel@bd45,-1):494:[6, 6, 4, 0, 8, 0, 14, 19, 0, 0, 0, 0, 0, 0, 0, 0, 0, 0, 0, 0]
7:4:129:isProcessAlive(-1):495:[6, 6, 4, 0, 8, 0, 14, 21, 0, 0, 0, 0, 0, 0, 0, 0, 0, 0, 0, 0]
4:7:130:!(scala.actors.Channel@bcaf,false):496:[6, 6, 4, 0, 10, 0, 14, 21, 0, 0, 0, 0, 0, 0, 0, 0, 0, 0, 0, 0]
7:6:131:DeleteEntry(-1):497:[6, 6, 4, 0, 10, 0, 14, 23, 0, 0, 0, 0, 0, 0, 0, 0, 0, 0, 0, 0]
6:7:132:!(scala.actors.Channel@bd26,()):498:[6, 6, 4, 0, 10, 0, 16, 23, 0, 0, 0, 0, 0, 0, 0, 0, 0, 0, 0, 0]
7:1:133:!(scala.actors.Channel@bf01,()):499:[6, 6, 4, 0, 10, 0, 16, 25, 0, 0, 0, 0, 0, 0, 0, 0, 0, 0, 0, 0]
1:6:134:InsertNewForward(pName,1):500:[6, 8, 4, 0, 10, 0, 16, 25, 0, 0, 0, 0, 0, 0, 0, 0, 0, 0, 0, 0]
6:1:135:!(scala.actors.Channel@8770,true):501:[6, 8, 4, 0, 10, 0, 18, 25, 0, 0, 0, 0, 0, 0, 0, 0, 0, 0, 0, 0]
1:7:136:Reg(1):502:[6, 10, 4, 0, 10, 0, 18, 25, 0, 0, 0, 0, 0, 0, 0, 0, 0, 0, 0, 0]
7:4:137:isProcessAlive(1):503:[6, 10, 4, 0, 10, 0, 18, 27, 0, 0, 0, 0, 0, 0, 0, 0, 0, 0, 0, 0]
4:7:138:!(scala.actors.Channel@bd45,false):504:[6, 10, 4, 0, 12, 0, 18, 27, 0, 0, 0, 0, 0, 0, 0, 0, 0, 0, 0, 0]
7:6:140:InsertNewBackward(1,samira.procreg.Monitor@bd4e):505:[6, 10, 4, 0, 12, 0, 18, 30, 0, 0, 0, 0, 0, 0, 0, 0, 0, 0, 0, 0]
6:7:141:!(scala.actors.Channel@bd26,true):506:[6, 10, 4, 0, 12, 0, 20, 30, 0, 0, 0, 0, 0, 0, 0, 0, 0, 0, 0, 0]
7:7:139:Down(1):507:[6, 10, 4, 0, 12, 0, 18, 29, 0, 0, 0, 0, 0, 0, 0, 0, 0, 0, 0, 0]
7:6:142:GetMatch(1):508:[6, 10, 4, 0, 12, 0, 20, 33, 0, 0, 0, 0, 0, 0, 0, 0, 0, 0, 0, 0]
6:7:143:!(scala.actors.Channel@bcaf,Some(samira.procreg.Monitor@bd4e)):509:[6, 10, 4, 0, 12, 0, 22, 33, 0, 0, 0, 0, 0, 0, 0, 0, 0, 0, 0, 0]
7:6:144:DeleteEntry(1):510:[6, 10, 4, 0, 12, 0, 22, 35, 0, 0, 0, 0, 0, 0, 0, 0, 0, 0, 0, 0]
6:7:145:!(scala.actors.Channel@bd26,()):511:[6, 10, 4, 0, 12, 0, 24, 35, 0, 0, 0, 0, 0, 0, 0, 0, 0, 0, 0, 0]
