##BUG:NO_BUG:1:2sec:43
0:4:100:spawn(pName):0:[1, 0, 0, 0, 0, 0, 0, 0, 0, 0, 0, 0, 0, 0, 0, 0, 0, 0, 0, 0]
4:0:101:!(scala.actors.Channel@ba76,1):1:[1, 0, 0, 0, 2, 0, 0, 0, 0, 0, 0, 0, 0, 0, 0, 0, 0, 0, 0, 0]
0:4:102:kill(1):2:[3, 0, 0, 0, 2, 0, 0, 0, 0, 0, 0, 0, 0, 0, 0, 0, 0, 0, 0, 0]
4:0:103:!(scala.actors.Channel@b83f,()):3:[3, 0, 0, 0, 4, 0, 0, 0, 0, 0, 0, 0, 0, 0, 0, 0, 0, 0, 0, 0]
0:3:106:Register(pName,1):4:[7, 0, 0, 0, 4, 0, 0, 0, 0, 0, 0, 0, 0, 0, 0, 0, 0, 0, 0, 0]
3:6:107:InsertNewForward(pName,1):5:[7, 0, 0, 2, 4, 0, 0, 0, 0, 0, 0, 0, 0, 0, 0, 0, 0, 0, 0, 0]
6:3:108:!(scala.actors.Channel@bf0a,true):6:[7, 0, 0, 2, 4, 0, 2, 0, 0, 0, 0, 0, 0, 0, 0, 0, 0, 0, 0, 0]
3:7:109:Reg(1):7:[7, 0, 0, 4, 4, 0, 2, 0, 0, 0, 0, 0, 0, 0, 0, 0, 0, 0, 0, 0]
7:4:110:isProcessAlive(1):8:[7, 0, 0, 4, 4, 0, 2, 2, 0, 0, 0, 0, 0, 0, 0, 0, 0, 0, 0, 0]
4:7:111:!(scala.actors.Channel@bdc3,false):9:[7, 0, 0, 4, 6, 0, 2, 2, 0, 0, 0, 0, 0, 0, 0, 0, 0, 0, 0, 0]
7:6:113:InsertNewBackward(1,samira.procreg.Monitor@bdc4):10:[7, 0, 0, 4, 6, 0, 2, 5, 0, 0, 0, 0, 0, 0, 0, 0, 0, 0, 0, 0]
6:7:114:!(scala.actors.Channel@bdbd,true):11:[7, 0, 0, 4, 6, 0, 4, 5, 0, 0, 0, 0, 0, 0, 0, 0, 0, 0, 0, 0]
7:7:112:Down(1):12:[7, 0, 0, 4, 6, 0, 2, 4, 0, 0, 0, 0, 0, 0, 0, 0, 0, 0, 0, 0]
7:6:115:GetMatch(1):13:[7, 0, 0, 4, 6, 0, 4, 8, 0, 0, 0, 0, 0, 0, 0, 0, 0, 0, 0, 0]
6:7:116:!(scala.actors.Channel@bd22,Some(samira.procreg.Monitor@bdc4)):14:[7, 0, 0, 4, 6, 0, 6, 8, 0, 0, 0, 0, 0, 0, 0, 0, 0, 0, 0, 0]
7:6:117:DeleteEntry(1):15:[7, 0, 0, 4, 6, 0, 6, 10, 0, 0, 0, 0, 0, 0, 0, 0, 0, 0, 0, 0]
6:7:118:!(scala.actors.Channel@bdbd,()):16:[7, 0, 0, 4, 6, 0, 8, 10, 0, 0, 0, 0, 0, 0, 0, 0, 0, 0, 0, 0]
0:2:105:Register(pName,1):17:[6, 0, 0, 0, 4, 0, 0, 0, 0, 0, 0, 0, 0, 0, 0, 0, 0, 0, 0, 0]
2:6:119:InsertNewForward(pName,1):18:[6, 0, 2, 0, 4, 0, 0, 0, 0, 0, 0, 0, 0, 0, 0, 0, 0, 0, 0, 0]
6:2:120:!(scala.actors.Channel@bc45,true):19:[7, 0, 2, 4, 6, 0, 10, 10, 0, 0, 0, 0, 0, 0, 0, 0, 0, 0, 0, 0]
2:7:121:Reg(1):20:[7, 0, 4, 4, 6, 0, 10, 10, 0, 0, 0, 0, 0, 0, 0, 0, 0, 0, 0, 0]
7:4:122:isProcessAlive(1):21:[7, 0, 4, 4, 6, 0, 10, 13, 0, 0, 0, 0, 0, 0, 0, 0, 0, 0, 0, 0]
4:7:123:!(scala.actors.Channel@bd22,false):22:[7, 0, 4, 4, 8, 0, 10, 13, 0, 0, 0, 0, 0, 0, 0, 0, 0, 0, 0, 0]
7:6:125:InsertNewBackward(1,samira.procreg.Monitor@bdc4):23:[7, 0, 4, 4, 8, 0, 10, 16, 0, 0, 0, 0, 0, 0, 0, 0, 0, 0, 0, 0]
6:7:126:!(scala.actors.Channel@bdc3,true):24:[7, 0, 4, 4, 8, 0, 12, 16, 0, 0, 0, 0, 0, 0, 0, 0, 0, 0, 0, 0]
7:7:124:Down(1):25:[7, 0, 4, 4, 8, 0, 10, 15, 0, 0, 0, 0, 0, 0, 0, 0, 0, 0, 0, 0]
7:6:127:GetMatch(1):26:[7, 0, 4, 4, 8, 0, 12, 19, 0, 0, 0, 0, 0, 0, 0, 0, 0, 0, 0, 0]
6:7:128:!(scala.actors.Channel@bdbd,Some(samira.procreg.Monitor@bdc4)):27:[7, 0, 4, 4, 8, 0, 14, 19, 0, 0, 0, 0, 0, 0, 0, 0, 0, 0, 0, 0]
7:6:129:DeleteEntry(1):28:[7, 0, 4, 4, 8, 0, 14, 21, 0, 0, 0, 0, 0, 0, 0, 0, 0, 0, 0, 0]
6:7:130:!(scala.actors.Channel@bdc3,()):29:[7, 0, 4, 4, 8, 0, 16, 21, 0, 0, 0, 0, 0, 0, 0, 0, 0, 0, 0, 0]
0:1:104:Register(pName,1):30:[5, 0, 0, 0, 4, 0, 0, 0, 0, 0, 0, 0, 0, 0, 0, 0, 0, 0, 0, 0]
1:6:131:InsertNewForward(pName,1):31:[5, 2, 0, 0, 4, 0, 0, 0, 0, 0, 0, 0, 0, 0, 0, 0, 0, 0, 0, 0]
6:1:132:!(scala.actors.Channel@b3bb,true):32:[7, 2, 4, 4, 8, 0, 18, 21, 0, 0, 0, 0, 0, 0, 0, 0, 0, 0, 0, 0]
1:7:133:Reg(1):33:[7, 4, 4, 4, 8, 0, 18, 21, 0, 0, 0, 0, 0, 0, 0, 0, 0, 0, 0, 0]
7:4:134:isProcessAlive(1):34:[7, 4, 4, 4, 8, 0, 18, 24, 0, 0, 0, 0, 0, 0, 0, 0, 0, 0, 0, 0]
4:7:135:!(scala.actors.Channel@bdbd,false):35:[7, 4, 4, 4, 10, 0, 18, 24, 0, 0, 0, 0, 0, 0, 0, 0, 0, 0, 0, 0]
7:6:137:InsertNewBackward(1,samira.procreg.Monitor@bdc4):36:[7, 4, 4, 4, 10, 0, 18, 27, 0, 0, 0, 0, 0, 0, 0, 0, 0, 0, 0, 0]
6:7:138:!(scala.actors.Channel@bdc3,true):37:[7, 4, 4, 4, 10, 0, 20, 27, 0, 0, 0, 0, 0, 0, 0, 0, 0, 0, 0, 0]
7:7:136:Down(1):38:[7, 4, 4, 4, 10, 0, 18, 26, 0, 0, 0, 0, 0, 0, 0, 0, 0, 0, 0, 0]
7:6:139:GetMatch(1):39:[7, 4, 4, 4, 10, 0, 20, 30, 0, 0, 0, 0, 0, 0, 0, 0, 0, 0, 0, 0]
6:7:140:!(scala.actors.Channel@bd22,Some(samira.procreg.Monitor@bdc4)):40:[7, 4, 4, 4, 10, 0, 22, 30, 0, 0, 0, 0, 0, 0, 0, 0, 0, 0, 0, 0]
7:6:141:DeleteEntry(1):41:[7, 4, 4, 4, 10, 0, 22, 32, 0, 0, 0, 0, 0, 0, 0, 0, 0, 0, 0, 0]
6:7:142:!(scala.actors.Channel@bdc3,()):42:[7, 4, 4, 4, 10, 0, 24, 32, 0, 0, 0, 0, 0, 0, 0, 0, 0, 0, 0, 0]
##BUG:NO_BUG:2:3sec:43
0:4:100:spawn(pName):0:[1, 0, 0, 0, 0, 0, 0, 0, 0, 0, 0, 0, 0, 0, 0, 0, 0, 0, 0, 0]
4:0:101:!(scala.actors.Channel@ba76,1):1:[1, 0, 0, 0, 2, 0, 0, 0, 0, 0, 0, 0, 0, 0, 0, 0, 0, 0, 0, 0]
0:4:102:kill(1):2:[3, 0, 0, 0, 2, 0, 0, 0, 0, 0, 0, 0, 0, 0, 0, 0, 0, 0, 0, 0]
4:0:103:!(scala.actors.Channel@b83f,()):3:[3, 0, 0, 0, 4, 0, 0, 0, 0, 0, 0, 0, 0, 0, 0, 0, 0, 0, 0, 0]
0:3:106:Register(pName,1):4:[7, 0, 0, 0, 4, 0, 0, 0, 0, 0, 0, 0, 0, 0, 0, 0, 0, 0, 0, 0]
3:6:107:InsertNewForward(pName,1):5:[7, 0, 0, 2, 4, 0, 0, 0, 0, 0, 0, 0, 0, 0, 0, 0, 0, 0, 0, 0]
6:3:108:!(scala.actors.Channel@bf0a,true):6:[7, 0, 0, 2, 4, 0, 2, 0, 0, 0, 0, 0, 0, 0, 0, 0, 0, 0, 0, 0]
3:7:109:Reg(1):7:[7, 0, 0, 4, 4, 0, 2, 0, 0, 0, 0, 0, 0, 0, 0, 0, 0, 0, 0, 0]
7:4:110:isProcessAlive(1):8:[7, 0, 0, 4, 4, 0, 2, 2, 0, 0, 0, 0, 0, 0, 0, 0, 0, 0, 0, 0]
4:7:111:!(scala.actors.Channel@bdc3,false):9:[7, 0, 0, 4, 6, 0, 2, 2, 0, 0, 0, 0, 0, 0, 0, 0, 0, 0, 0, 0]
7:6:113:InsertNewBackward(1,samira.procreg.Monitor@bdc4):10:[7, 0, 0, 4, 6, 0, 2, 5, 0, 0, 0, 0, 0, 0, 0, 0, 0, 0, 0, 0]
6:7:114:!(scala.actors.Channel@bdbd,true):11:[7, 0, 0, 4, 6, 0, 4, 5, 0, 0, 0, 0, 0, 0, 0, 0, 0, 0, 0, 0]
7:7:112:Down(1):12:[7, 0, 0, 4, 6, 0, 2, 4, 0, 0, 0, 0, 0, 0, 0, 0, 0, 0, 0, 0]
7:6:115:GetMatch(1):13:[7, 0, 0, 4, 6, 0, 4, 8, 0, 0, 0, 0, 0, 0, 0, 0, 0, 0, 0, 0]
6:7:116:!(scala.actors.Channel@bd22,Some(samira.procreg.Monitor@bdc4)):14:[7, 0, 0, 4, 6, 0, 6, 8, 0, 0, 0, 0, 0, 0, 0, 0, 0, 0, 0, 0]
7:6:117:DeleteEntry(1):15:[7, 0, 0, 4, 6, 0, 6, 10, 0, 0, 0, 0, 0, 0, 0, 0, 0, 0, 0, 0]
6:7:118:!(scala.actors.Channel@bdbd,()):16:[7, 0, 0, 4, 6, 0, 8, 10, 0, 0, 0, 0, 0, 0, 0, 0, 0, 0, 0, 0]
0:2:105:Register(pName,1):17:[6, 0, 0, 0, 4, 0, 0, 0, 0, 0, 0, 0, 0, 0, 0, 0, 0, 0, 0, 0]
2:6:119:InsertNewForward(pName,1):18:[6, 0, 2, 0, 4, 0, 0, 0, 0, 0, 0, 0, 0, 0, 0, 0, 0, 0, 0, 0]
6:2:120:!(scala.actors.Channel@bc45,true):19:[7, 0, 2, 4, 6, 0, 10, 10, 0, 0, 0, 0, 0, 0, 0, 0, 0, 0, 0, 0]
2:7:121:Reg(1):20:[7, 0, 4, 4, 6, 0, 10, 10, 0, 0, 0, 0, 0, 0, 0, 0, 0, 0, 0, 0]
7:4:122:isProcessAlive(1):21:[7, 0, 4, 4, 6, 0, 10, 13, 0, 0, 0, 0, 0, 0, 0, 0, 0, 0, 0, 0]
4:7:123:!(scala.actors.Channel@bd22,false):22:[7, 0, 4, 4, 8, 0, 10, 13, 0, 0, 0, 0, 0, 0, 0, 0, 0, 0, 0, 0]
7:6:125:InsertNewBackward(1,samira.procreg.Monitor@bdc4):23:[7, 0, 4, 4, 8, 0, 10, 16, 0, 0, 0, 0, 0, 0, 0, 0, 0, 0, 0, 0]
6:7:126:!(scala.actors.Channel@bdc3,true):24:[7, 0, 4, 4, 8, 0, 12, 16, 0, 0, 0, 0, 0, 0, 0, 0, 0, 0, 0, 0]
7:7:124:Down(1):25:[7, 0, 4, 4, 8, 0, 10, 15, 0, 0, 0, 0, 0, 0, 0, 0, 0, 0, 0, 0]
7:6:127:GetMatch(1):26:[7, 0, 4, 4, 8, 0, 12, 19, 0, 0, 0, 0, 0, 0, 0, 0, 0, 0, 0, 0]
6:7:128:!(scala.actors.Channel@bdbd,Some(samira.procreg.Monitor@bdc4)):27:[7, 0, 4, 4, 8, 0, 14, 19, 0, 0, 0, 0, 0, 0, 0, 0, 0, 0, 0, 0]
7:6:129:DeleteEntry(1):28:[7, 0, 4, 4, 8, 0, 14, 21, 0, 0, 0, 0, 0, 0, 0, 0, 0, 0, 0, 0]
0:1:104:Register(pName,1):29:[5, 0, 0, 0, 4, 0, 0, 0, 0, 0, 0, 0, 0, 0, 0, 0, 0, 0, 0, 0]
1:6:131:InsertNewForward(pName,1):43:[5, 2, 0, 0, 4, 0, 0, 0, 0, 0, 0, 0, 0, 0, 0, 0, 0, 0, 0, 0]
6:1:132:!(scala.actors.Channel@b3bb,true):44:[7, 2, 4, 4, 8, 0, 18, 21, 0, 0, 0, 0, 0, 0, 0, 0, 0, 0, 0, 0]
6:7:130:!(scala.actors.Channel@bdc3,()):45:[7, 0, 4, 4, 8, 0, 16, 21, 0, 0, 0, 0, 0, 0, 0, 0, 0, 0, 0, 0]
1:7:133:Reg(1):46:[7, 4, 4, 4, 8, 0, 18, 21, 0, 0, 0, 0, 0, 0, 0, 0, 0, 0, 0, 0]
7:4:134:isProcessAlive(1):47:[7, 4, 4, 4, 8, 0, 18, 24, 0, 0, 0, 0, 0, 0, 0, 0, 0, 0, 0, 0]
4:7:135:!(scala.actors.Channel@bdbd,false):48:[7, 4, 4, 4, 10, 0, 18, 24, 0, 0, 0, 0, 0, 0, 0, 0, 0, 0, 0, 0]
7:6:137:InsertNewBackward(1,samira.procreg.Monitor@bdc4):49:[7, 4, 4, 4, 10, 0, 18, 27, 0, 0, 0, 0, 0, 0, 0, 0, 0, 0, 0, 0]
6:7:138:!(scala.actors.Channel@bdc3,true):50:[7, 4, 4, 4, 10, 0, 20, 27, 0, 0, 0, 0, 0, 0, 0, 0, 0, 0, 0, 0]
7:7:136:Down(1):51:[7, 4, 4, 4, 10, 0, 18, 26, 0, 0, 0, 0, 0, 0, 0, 0, 0, 0, 0, 0]
7:6:139:GetMatch(1):52:[7, 4, 4, 4, 10, 0, 20, 30, 0, 0, 0, 0, 0, 0, 0, 0, 0, 0, 0, 0]
6:7:140:!(scala.actors.Channel@bd22,Some(samira.procreg.Monitor@bdc4)):53:[7, 4, 4, 4, 10, 0, 22, 30, 0, 0, 0, 0, 0, 0, 0, 0, 0, 0, 0, 0]
7:6:141:DeleteEntry(1):54:[7, 4, 4, 4, 10, 0, 22, 32, 0, 0, 0, 0, 0, 0, 0, 0, 0, 0, 0, 0]
6:7:142:!(scala.actors.Channel@bdc3,()):55:[7, 4, 4, 4, 10, 0, 24, 32, 0, 0, 0, 0, 0, 0, 0, 0, 0, 0, 0, 0]
##BUG:NO_BUG:3:3sec:43
0:4:100:spawn(pName):0:[1, 0, 0, 0, 0, 0, 0, 0, 0, 0, 0, 0, 0, 0, 0, 0, 0, 0, 0, 0]
4:0:101:!(scala.actors.Channel@ba76,1):1:[1, 0, 0, 0, 2, 0, 0, 0, 0, 0, 0, 0, 0, 0, 0, 0, 0, 0, 0, 0]
0:4:102:kill(1):2:[3, 0, 0, 0, 2, 0, 0, 0, 0, 0, 0, 0, 0, 0, 0, 0, 0, 0, 0, 0]
4:0:103:!(scala.actors.Channel@b83f,()):3:[3, 0, 0, 0, 4, 0, 0, 0, 0, 0, 0, 0, 0, 0, 0, 0, 0, 0, 0, 0]
0:3:106:Register(pName,1):4:[7, 0, 0, 0, 4, 0, 0, 0, 0, 0, 0, 0, 0, 0, 0, 0, 0, 0, 0, 0]
3:6:107:InsertNewForward(pName,1):5:[7, 0, 0, 2, 4, 0, 0, 0, 0, 0, 0, 0, 0, 0, 0, 0, 0, 0, 0, 0]
6:3:108:!(scala.actors.Channel@bf0a,true):6:[7, 0, 0, 2, 4, 0, 2, 0, 0, 0, 0, 0, 0, 0, 0, 0, 0, 0, 0, 0]
3:7:109:Reg(1):7:[7, 0, 0, 4, 4, 0, 2, 0, 0, 0, 0, 0, 0, 0, 0, 0, 0, 0, 0, 0]
7:4:110:isProcessAlive(1):8:[7, 0, 0, 4, 4, 0, 2, 2, 0, 0, 0, 0, 0, 0, 0, 0, 0, 0, 0, 0]
4:7:111:!(scala.actors.Channel@bdc3,false):9:[7, 0, 0, 4, 6, 0, 2, 2, 0, 0, 0, 0, 0, 0, 0, 0, 0, 0, 0, 0]
7:6:113:InsertNewBackward(1,samira.procreg.Monitor@bdc4):10:[7, 0, 0, 4, 6, 0, 2, 5, 0, 0, 0, 0, 0, 0, 0, 0, 0, 0, 0, 0]
6:7:114:!(scala.actors.Channel@bdbd,true):11:[7, 0, 0, 4, 6, 0, 4, 5, 0, 0, 0, 0, 0, 0, 0, 0, 0, 0, 0, 0]
7:7:112:Down(1):12:[7, 0, 0, 4, 6, 0, 2, 4, 0, 0, 0, 0, 0, 0, 0, 0, 0, 0, 0, 0]
7:6:115:GetMatch(1):13:[7, 0, 0, 4, 6, 0, 4, 8, 0, 0, 0, 0, 0, 0, 0, 0, 0, 0, 0, 0]
6:7:116:!(scala.actors.Channel@bd22,Some(samira.procreg.Monitor@bdc4)):14:[7, 0, 0, 4, 6, 0, 6, 8, 0, 0, 0, 0, 0, 0, 0, 0, 0, 0, 0, 0]
7:6:117:DeleteEntry(1):15:[7, 0, 0, 4, 6, 0, 6, 10, 0, 0, 0, 0, 0, 0, 0, 0, 0, 0, 0, 0]
6:7:118:!(scala.actors.Channel@bdbd,()):16:[7, 0, 0, 4, 6, 0, 8, 10, 0, 0, 0, 0, 0, 0, 0, 0, 0, 0, 0, 0]
0:2:105:Register(pName,1):17:[6, 0, 0, 0, 4, 0, 0, 0, 0, 0, 0, 0, 0, 0, 0, 0, 0, 0, 0, 0]
2:6:119:InsertNewForward(pName,1):18:[6, 0, 2, 0, 4, 0, 0, 0, 0, 0, 0, 0, 0, 0, 0, 0, 0, 0, 0, 0]
6:2:120:!(scala.actors.Channel@bc45,true):19:[7, 0, 2, 4, 6, 0, 10, 10, 0, 0, 0, 0, 0, 0, 0, 0, 0, 0, 0, 0]
2:7:121:Reg(1):20:[7, 0, 4, 4, 6, 0, 10, 10, 0, 0, 0, 0, 0, 0, 0, 0, 0, 0, 0, 0]
7:4:122:isProcessAlive(1):21:[7, 0, 4, 4, 6, 0, 10, 13, 0, 0, 0, 0, 0, 0, 0, 0, 0, 0, 0, 0]
4:7:123:!(scala.actors.Channel@bd22,false):22:[7, 0, 4, 4, 8, 0, 10, 13, 0, 0, 0, 0, 0, 0, 0, 0, 0, 0, 0, 0]
7:6:125:InsertNewBackward(1,samira.procreg.Monitor@bdc4):23:[7, 0, 4, 4, 8, 0, 10, 16, 0, 0, 0, 0, 0, 0, 0, 0, 0, 0, 0, 0]
6:7:126:!(scala.actors.Channel@bdc3,true):24:[7, 0, 4, 4, 8, 0, 12, 16, 0, 0, 0, 0, 0, 0, 0, 0, 0, 0, 0, 0]
7:7:124:Down(1):25:[7, 0, 4, 4, 8, 0, 10, 15, 0, 0, 0, 0, 0, 0, 0, 0, 0, 0, 0, 0]
7:6:127:GetMatch(1):26:[7, 0, 4, 4, 8, 0, 12, 19, 0, 0, 0, 0, 0, 0, 0, 0, 0, 0, 0, 0]
6:7:128:!(scala.actors.Channel@bdbd,Some(samira.procreg.Monitor@bdc4)):27:[7, 0, 4, 4, 8, 0, 14, 19, 0, 0, 0, 0, 0, 0, 0, 0, 0, 0, 0, 0]
0:1:104:Register(pName,1):28:[5, 0, 0, 0, 4, 0, 0, 0, 0, 0, 0, 0, 0, 0, 0, 0, 0, 0, 0, 0]
7:6:129:DeleteEntry(1):56:[7, 0, 4, 4, 8, 0, 14, 21, 0, 0, 0, 0, 0, 0, 0, 0, 0, 0, 0, 0]
6:7:131:!(scala.actors.Channel@bdc3,()):57:[7, 0, 4, 4, 8, 0, 16, 21, 0, 0, 0, 0, 0, 0, 0, 0, 0, 0, 0, 0]
1:6:130:InsertNewForward(pName,1):58:[5, 2, 0, 0, 4, 0, 0, 0, 0, 0, 0, 0, 0, 0, 0, 0, 0, 0, 0, 0]
6:1:132:!(scala.actors.Channel@b3bb,true):59:[7, 2, 4, 4, 8, 0, 18, 21, 0, 0, 0, 0, 0, 0, 0, 0, 0, 0, 0, 0]
1:7:133:Reg(1):60:[7, 4, 4, 4, 8, 0, 18, 21, 0, 0, 0, 0, 0, 0, 0, 0, 0, 0, 0, 0]
7:4:134:isProcessAlive(1):61:[7, 4, 4, 4, 8, 0, 18, 24, 0, 0, 0, 0, 0, 0, 0, 0, 0, 0, 0, 0]
4:7:135:!(scala.actors.Channel@bdbd,false):62:[7, 4, 4, 4, 10, 0, 18, 24, 0, 0, 0, 0, 0, 0, 0, 0, 0, 0, 0, 0]
7:6:137:InsertNewBackward(1,samira.procreg.Monitor@bdc4):63:[7, 4, 4, 4, 10, 0, 18, 27, 0, 0, 0, 0, 0, 0, 0, 0, 0, 0, 0, 0]
6:7:138:!(scala.actors.Channel@bdc3,true):64:[7, 4, 4, 4, 10, 0, 20, 27, 0, 0, 0, 0, 0, 0, 0, 0, 0, 0, 0, 0]
7:7:136:Down(1):65:[7, 4, 4, 4, 10, 0, 18, 26, 0, 0, 0, 0, 0, 0, 0, 0, 0, 0, 0, 0]
7:6:139:GetMatch(1):66:[7, 4, 4, 4, 10, 0, 20, 30, 0, 0, 0, 0, 0, 0, 0, 0, 0, 0, 0, 0]
6:7:140:!(scala.actors.Channel@bd22,Some(samira.procreg.Monitor@bdc4)):67:[7, 4, 4, 4, 10, 0, 22, 30, 0, 0, 0, 0, 0, 0, 0, 0, 0, 0, 0, 0]
7:6:141:DeleteEntry(1):68:[7, 4, 4, 4, 10, 0, 22, 32, 0, 0, 0, 0, 0, 0, 0, 0, 0, 0, 0, 0]
6:7:142:!(scala.actors.Channel@bdc3,()):69:[7, 4, 4, 4, 10, 0, 24, 32, 0, 0, 0, 0, 0, 0, 0, 0, 0, 0, 0, 0]
##BUG:NO_BUG:4:5sec:59
0:4:100:spawn(pName):0:[1, 0, 0, 0, 0, 0, 0, 0, 0, 0, 0, 0, 0, 0, 0, 0, 0, 0, 0, 0]
4:0:101:!(scala.actors.Channel@ba76,1):1:[1, 0, 0, 0, 2, 0, 0, 0, 0, 0, 0, 0, 0, 0, 0, 0, 0, 0, 0, 0]
0:4:102:kill(1):2:[3, 0, 0, 0, 2, 0, 0, 0, 0, 0, 0, 0, 0, 0, 0, 0, 0, 0, 0, 0]
4:0:103:!(scala.actors.Channel@b83f,()):3:[3, 0, 0, 0, 4, 0, 0, 0, 0, 0, 0, 0, 0, 0, 0, 0, 0, 0, 0, 0]
0:3:106:Register(pName,1):4:[7, 0, 0, 0, 4, 0, 0, 0, 0, 0, 0, 0, 0, 0, 0, 0, 0, 0, 0, 0]
3:6:107:InsertNewForward(pName,1):5:[7, 0, 0, 2, 4, 0, 0, 0, 0, 0, 0, 0, 0, 0, 0, 0, 0, 0, 0, 0]
6:3:108:!(scala.actors.Channel@bf0a,true):6:[7, 0, 0, 2, 4, 0, 2, 0, 0, 0, 0, 0, 0, 0, 0, 0, 0, 0, 0, 0]
3:7:109:Reg(1):7:[7, 0, 0, 4, 4, 0, 2, 0, 0, 0, 0, 0, 0, 0, 0, 0, 0, 0, 0, 0]
7:4:110:isProcessAlive(1):8:[7, 0, 0, 4, 4, 0, 2, 2, 0, 0, 0, 0, 0, 0, 0, 0, 0, 0, 0, 0]
4:7:111:!(scala.actors.Channel@bdc3,false):9:[7, 0, 0, 4, 6, 0, 2, 2, 0, 0, 0, 0, 0, 0, 0, 0, 0, 0, 0, 0]
7:6:113:InsertNewBackward(1,samira.procreg.Monitor@bdc4):10:[7, 0, 0, 4, 6, 0, 2, 5, 0, 0, 0, 0, 0, 0, 0, 0, 0, 0, 0, 0]
6:7:114:!(scala.actors.Channel@bdbd,true):11:[7, 0, 0, 4, 6, 0, 4, 5, 0, 0, 0, 0, 0, 0, 0, 0, 0, 0, 0, 0]
7:7:112:Down(1):12:[7, 0, 0, 4, 6, 0, 2, 4, 0, 0, 0, 0, 0, 0, 0, 0, 0, 0, 0, 0]
7:6:115:GetMatch(1):13:[7, 0, 0, 4, 6, 0, 4, 8, 0, 0, 0, 0, 0, 0, 0, 0, 0, 0, 0, 0]
6:7:116:!(scala.actors.Channel@bd22,Some(samira.procreg.Monitor@bdc4)):14:[7, 0, 0, 4, 6, 0, 6, 8, 0, 0, 0, 0, 0, 0, 0, 0, 0, 0, 0, 0]
7:6:117:DeleteEntry(1):15:[7, 0, 0, 4, 6, 0, 6, 10, 0, 0, 0, 0, 0, 0, 0, 0, 0, 0, 0, 0]
6:7:118:!(scala.actors.Channel@bdbd,()):16:[7, 0, 0, 4, 6, 0, 8, 10, 0, 0, 0, 0, 0, 0, 0, 0, 0, 0, 0, 0]
0:2:105:Register(pName,1):17:[6, 0, 0, 0, 4, 0, 0, 0, 0, 0, 0, 0, 0, 0, 0, 0, 0, 0, 0, 0]
2:6:119:InsertNewForward(pName,1):18:[6, 0, 2, 0, 4, 0, 0, 0, 0, 0, 0, 0, 0, 0, 0, 0, 0, 0, 0, 0]
6:2:120:!(scala.actors.Channel@bc45,true):19:[7, 0, 2, 4, 6, 0, 10, 10, 0, 0, 0, 0, 0, 0, 0, 0, 0, 0, 0, 0]
2:7:121:Reg(1):20:[7, 0, 4, 4, 6, 0, 10, 10, 0, 0, 0, 0, 0, 0, 0, 0, 0, 0, 0, 0]
7:4:122:isProcessAlive(1):21:[7, 0, 4, 4, 6, 0, 10, 13, 0, 0, 0, 0, 0, 0, 0, 0, 0, 0, 0, 0]
4:7:123:!(scala.actors.Channel@bd22,false):22:[7, 0, 4, 4, 8, 0, 10, 13, 0, 0, 0, 0, 0, 0, 0, 0, 0, 0, 0, 0]
7:6:125:InsertNewBackward(1,samira.procreg.Monitor@bdc4):23:[7, 0, 4, 4, 8, 0, 10, 16, 0, 0, 0, 0, 0, 0, 0, 0, 0, 0, 0, 0]
6:7:126:!(scala.actors.Channel@bdc3,true):24:[7, 0, 4, 4, 8, 0, 12, 16, 0, 0, 0, 0, 0, 0, 0, 0, 0, 0, 0, 0]
7:7:124:Down(1):25:[7, 0, 4, 4, 8, 0, 10, 15, 0, 0, 0, 0, 0, 0, 0, 0, 0, 0, 0, 0]
0:1:104:Register(pName,1):26:[5, 0, 0, 0, 4, 0, 0, 0, 0, 0, 0, 0, 0, 0, 0, 0, 0, 0, 0, 0]
7:6:127:GetMatch(1):70:[7, 0, 4, 4, 8, 0, 12, 19, 0, 0, 0, 0, 0, 0, 0, 0, 0, 0, 0, 0]
6:7:129:!(scala.actors.Channel@bdbd,Some(samira.procreg.Monitor@bdc4)):71:[7, 0, 4, 4, 8, 0, 14, 19, 0, 0, 0, 0, 0, 0, 0, 0, 0, 0, 0, 0]
1:6:128:InsertNewForward(pName,1):72:[5, 2, 0, 0, 4, 0, 0, 0, 0, 0, 0, 0, 0, 0, 0, 0, 0, 0, 0, 0]
6:1:131:!(scala.actors.Channel@b3bb,false):73:[7, 2, 4, 4, 8, 0, 16, 19, 0, 0, 0, 0, 0, 0, 0, 0, 0, 0, 0, 0]
7:6:130:DeleteEntry(1):74:[7, 0, 4, 4, 8, 0, 14, 21, 0, 0, 0, 0, 0, 0, 0, 0, 0, 0, 0, 0]
6:7:133:!(scala.actors.Channel@bdc3,()):75:[7, 2, 4, 4, 8, 0, 18, 21, 0, 0, 0, 0, 0, 0, 0, 0, 0, 0, 0, 0]
1:7:132:Where(pName):76:[7, 4, 4, 4, 8, 0, 16, 19, 0, 0, 0, 0, 0, 0, 0, 0, 0, 0, 0, 0]
7:6:134:Lookup(pName):77:[7, 4, 4, 4, 8, 0, 18, 24, 0, 0, 0, 0, 0, 0, 0, 0, 0, 0, 0, 0]
6:7:135:!(scala.actors.Channel@bdbd,-1):78:[7, 4, 4, 4, 8, 0, 20, 24, 0, 0, 0, 0, 0, 0, 0, 0, 0, 0, 0, 0]
7:4:136:isProcessAlive(-1):79:[7, 4, 4, 4, 8, 0, 20, 26, 0, 0, 0, 0, 0, 0, 0, 0, 0, 0, 0, 0]
4:7:137:!(scala.actors.Channel@bdc3,false):80:[7, 4, 4, 4, 10, 0, 20, 26, 0, 0, 0, 0, 0, 0, 0, 0, 0, 0, 0, 0]
7:1:138:!(scala.actors.Channel@8014,-1):81:[7, 4, 4, 4, 10, 0, 20, 28, 0, 0, 0, 0, 0, 0, 0, 0, 0, 0, 0, 0]
1:7:139:Audit(pName):82:[7, 6, 4, 4, 10, 0, 20, 28, 0, 0, 0, 0, 0, 0, 0, 0, 0, 0, 0, 0]
7:6:140:Lookup(pName):83:[7, 6, 4, 4, 10, 0, 20, 30, 0, 0, 0, 0, 0, 0, 0, 0, 0, 0, 0, 0]
6:7:141:!(scala.actors.Channel@bd22,-1):84:[7, 6, 4, 4, 10, 0, 22, 30, 0, 0, 0, 0, 0, 0, 0, 0, 0, 0, 0, 0]
7:4:142:isProcessAlive(-1):85:[7, 6, 4, 4, 10, 0, 22, 32, 0, 0, 0, 0, 0, 0, 0, 0, 0, 0, 0, 0]
4:7:143:!(scala.actors.Channel@bdbd,false):86:[7, 6, 4, 4, 12, 0, 22, 32, 0, 0, 0, 0, 0, 0, 0, 0, 0, 0, 0, 0]
7:6:144:DeleteEntry(-1):87:[7, 6, 4, 4, 12, 0, 22, 34, 0, 0, 0, 0, 0, 0, 0, 0, 0, 0, 0, 0]
6:7:145:!(scala.actors.Channel@bdc3,()):88:[7, 6, 4, 4, 12, 0, 24, 34, 0, 0, 0, 0, 0, 0, 0, 0, 0, 0, 0, 0]
7:1:146:!(scala.actors.Channel@b3bb,()):89:[7, 6, 4, 4, 12, 0, 24, 36, 0, 0, 0, 0, 0, 0, 0, 0, 0, 0, 0, 0]
1:6:147:InsertNewForward(pName,1):90:[7, 8, 4, 4, 12, 0, 24, 36, 0, 0, 0, 0, 0, 0, 0, 0, 0, 0, 0, 0]
6:1:148:!(scala.actors.Channel@8014,true):91:[7, 8, 4, 4, 12, 0, 26, 36, 0, 0, 0, 0, 0, 0, 0, 0, 0, 0, 0, 0]
1:7:149:Reg(1):92:[7, 10, 4, 4, 12, 0, 26, 36, 0, 0, 0, 0, 0, 0, 0, 0, 0, 0, 0, 0]
7:4:150:isProcessAlive(1):93:[7, 10, 4, 4, 12, 0, 26, 38, 0, 0, 0, 0, 0, 0, 0, 0, 0, 0, 0, 0]
4:7:151:!(scala.actors.Channel@bd22,false):94:[7, 10, 4, 4, 14, 0, 26, 38, 0, 0, 0, 0, 0, 0, 0, 0, 0, 0, 0, 0]
7:6:153:InsertNewBackward(1,samira.procreg.Monitor@bdc4):95:[7, 10, 4, 4, 14, 0, 26, 41, 0, 0, 0, 0, 0, 0, 0, 0, 0, 0, 0, 0]
6:7:154:!(scala.actors.Channel@bdc3,true):96:[7, 10, 4, 4, 14, 0, 28, 41, 0, 0, 0, 0, 0, 0, 0, 0, 0, 0, 0, 0]
7:7:152:Down(1):97:[7, 10, 4, 4, 14, 0, 26, 40, 0, 0, 0, 0, 0, 0, 0, 0, 0, 0, 0, 0]
7:6:155:GetMatch(1):98:[7, 10, 4, 4, 14, 0, 28, 44, 0, 0, 0, 0, 0, 0, 0, 0, 0, 0, 0, 0]
6:7:156:!(scala.actors.Channel@bdbd,Some(samira.procreg.Monitor@bdc4)):99:[7, 10, 4, 4, 14, 0, 30, 44, 0, 0, 0, 0, 0, 0, 0, 0, 0, 0, 0, 0]
7:6:157:DeleteEntry(1):100:[7, 10, 4, 4, 14, 0, 30, 46, 0, 0, 0, 0, 0, 0, 0, 0, 0, 0, 0, 0]
6:7:158:!(scala.actors.Channel@bdc3,()):101:[7, 10, 4, 4, 14, 0, 32, 46, 0, 0, 0, 0, 0, 0, 0, 0, 0, 0, 0, 0]
##BUG:NO_BUG:5:6sec:59
0:4:100:spawn(pName):0:[1, 0, 0, 0, 0, 0, 0, 0, 0, 0, 0, 0, 0, 0, 0, 0, 0, 0, 0, 0]
4:0:101:!(scala.actors.Channel@ba76,1):1:[1, 0, 0, 0, 2, 0, 0, 0, 0, 0, 0, 0, 0, 0, 0, 0, 0, 0, 0, 0]
0:4:102:kill(1):2:[3, 0, 0, 0, 2, 0, 0, 0, 0, 0, 0, 0, 0, 0, 0, 0, 0, 0, 0, 0]
4:0:103:!(scala.actors.Channel@b83f,()):3:[3, 0, 0, 0, 4, 0, 0, 0, 0, 0, 0, 0, 0, 0, 0, 0, 0, 0, 0, 0]
0:3:106:Register(pName,1):4:[7, 0, 0, 0, 4, 0, 0, 0, 0, 0, 0, 0, 0, 0, 0, 0, 0, 0, 0, 0]
3:6:107:InsertNewForward(pName,1):5:[7, 0, 0, 2, 4, 0, 0, 0, 0, 0, 0, 0, 0, 0, 0, 0, 0, 0, 0, 0]
6:3:108:!(scala.actors.Channel@bf0a,true):6:[7, 0, 0, 2, 4, 0, 2, 0, 0, 0, 0, 0, 0, 0, 0, 0, 0, 0, 0, 0]
3:7:109:Reg(1):7:[7, 0, 0, 4, 4, 0, 2, 0, 0, 0, 0, 0, 0, 0, 0, 0, 0, 0, 0, 0]
7:4:110:isProcessAlive(1):8:[7, 0, 0, 4, 4, 0, 2, 2, 0, 0, 0, 0, 0, 0, 0, 0, 0, 0, 0, 0]
4:7:111:!(scala.actors.Channel@bdc3,false):9:[7, 0, 0, 4, 6, 0, 2, 2, 0, 0, 0, 0, 0, 0, 0, 0, 0, 0, 0, 0]
7:6:113:InsertNewBackward(1,samira.procreg.Monitor@bdc4):10:[7, 0, 0, 4, 6, 0, 2, 5, 0, 0, 0, 0, 0, 0, 0, 0, 0, 0, 0, 0]
6:7:114:!(scala.actors.Channel@bdbd,true):11:[7, 0, 0, 4, 6, 0, 4, 5, 0, 0, 0, 0, 0, 0, 0, 0, 0, 0, 0, 0]
7:7:112:Down(1):12:[7, 0, 0, 4, 6, 0, 2, 4, 0, 0, 0, 0, 0, 0, 0, 0, 0, 0, 0, 0]
7:6:115:GetMatch(1):13:[7, 0, 0, 4, 6, 0, 4, 8, 0, 0, 0, 0, 0, 0, 0, 0, 0, 0, 0, 0]
6:7:116:!(scala.actors.Channel@bd22,Some(samira.procreg.Monitor@bdc4)):14:[7, 0, 0, 4, 6, 0, 6, 8, 0, 0, 0, 0, 0, 0, 0, 0, 0, 0, 0, 0]
7:6:117:DeleteEntry(1):15:[7, 0, 0, 4, 6, 0, 6, 10, 0, 0, 0, 0, 0, 0, 0, 0, 0, 0, 0, 0]
6:7:118:!(scala.actors.Channel@bdbd,()):16:[7, 0, 0, 4, 6, 0, 8, 10, 0, 0, 0, 0, 0, 0, 0, 0, 0, 0, 0, 0]
0:2:105:Register(pName,1):17:[6, 0, 0, 0, 4, 0, 0, 0, 0, 0, 0, 0, 0, 0, 0, 0, 0, 0, 0, 0]
2:6:119:InsertNewForward(pName,1):18:[6, 0, 2, 0, 4, 0, 0, 0, 0, 0, 0, 0, 0, 0, 0, 0, 0, 0, 0, 0]
6:2:120:!(scala.actors.Channel@bc45,true):19:[7, 0, 2, 4, 6, 0, 10, 10, 0, 0, 0, 0, 0, 0, 0, 0, 0, 0, 0, 0]
2:7:121:Reg(1):20:[7, 0, 4, 4, 6, 0, 10, 10, 0, 0, 0, 0, 0, 0, 0, 0, 0, 0, 0, 0]
7:4:122:isProcessAlive(1):21:[7, 0, 4, 4, 6, 0, 10, 13, 0, 0, 0, 0, 0, 0, 0, 0, 0, 0, 0, 0]
4:7:123:!(scala.actors.Channel@bd22,false):22:[7, 0, 4, 4, 8, 0, 10, 13, 0, 0, 0, 0, 0, 0, 0, 0, 0, 0, 0, 0]
0:1:104:Register(pName,1):23:[5, 0, 0, 0, 4, 0, 0, 0, 0, 0, 0, 0, 0, 0, 0, 0, 0, 0, 0, 0]
7:6:125:InsertNewBackward(1,samira.procreg.Monitor@bdc4):102:[7, 0, 4, 4, 8, 0, 10, 16, 0, 0, 0, 0, 0, 0, 0, 0, 0, 0, 0, 0]
6:7:127:!(scala.actors.Channel@bdc3,true):103:[7, 0, 4, 4, 8, 0, 12, 16, 0, 0, 0, 0, 0, 0, 0, 0, 0, 0, 0, 0]
1:6:126:InsertNewForward(pName,1):104:[5, 2, 0, 0, 4, 0, 0, 0, 0, 0, 0, 0, 0, 0, 0, 0, 0, 0, 0, 0]
6:1:128:!(scala.actors.Channel@b3bb,false):105:[7, 2, 4, 4, 8, 0, 14, 16, 0, 0, 0, 0, 0, 0, 0, 0, 0, 0, 0, 0]
7:7:124:Down(1):106:[7, 0, 4, 4, 8, 0, 10, 15, 0, 0, 0, 0, 0, 0, 0, 0, 0, 0, 0, 0]
7:6:130:GetMatch(1):107:[7, 0, 4, 4, 8, 0, 12, 19, 0, 0, 0, 0, 0, 0, 0, 0, 0, 0, 0, 0]
6:7:131:!(scala.actors.Channel@bdbd,Some(samira.procreg.Monitor@bdc4)):108:[7, 2, 4, 4, 8, 0, 16, 19, 0, 0, 0, 0, 0, 0, 0, 0, 0, 0, 0, 0]
7:6:132:DeleteEntry(1):109:[7, 2, 4, 4, 8, 0, 16, 21, 0, 0, 0, 0, 0, 0, 0, 0, 0, 0, 0, 0]
6:7:133:!(scala.actors.Channel@bdc3,()):110:[7, 2, 4, 4, 8, 0, 18, 21, 0, 0, 0, 0, 0, 0, 0, 0, 0, 0, 0, 0]
1:7:129:Where(pName):111:[7, 4, 4, 4, 8, 0, 14, 16, 0, 0, 0, 0, 0, 0, 0, 0, 0, 0, 0, 0]
7:6:134:Lookup(pName):112:[7, 4, 4, 4, 8, 0, 18, 24, 0, 0, 0, 0, 0, 0, 0, 0, 0, 0, 0, 0]
6:7:135:!(scala.actors.Channel@bdbd,-1):113:[7, 4, 4, 4, 8, 0, 20, 24, 0, 0, 0, 0, 0, 0, 0, 0, 0, 0, 0, 0]
7:4:136:isProcessAlive(-1):114:[7, 4, 4, 4, 8, 0, 20, 26, 0, 0, 0, 0, 0, 0, 0, 0, 0, 0, 0, 0]
4:7:137:!(scala.actors.Channel@bdc3,false):115:[7, 4, 4, 4, 10, 0, 20, 26, 0, 0, 0, 0, 0, 0, 0, 0, 0, 0, 0, 0]
7:1:138:!(scala.actors.Channel@8014,-1):116:[7, 4, 4, 4, 10, 0, 20, 28, 0, 0, 0, 0, 0, 0, 0, 0, 0, 0, 0, 0]
1:7:139:Audit(pName):117:[7, 6, 4, 4, 10, 0, 20, 28, 0, 0, 0, 0, 0, 0, 0, 0, 0, 0, 0, 0]
7:6:140:Lookup(pName):118:[7, 6, 4, 4, 10, 0, 20, 30, 0, 0, 0, 0, 0, 0, 0, 0, 0, 0, 0, 0]
6:7:141:!(scala.actors.Channel@bd22,-1):119:[7, 6, 4, 4, 10, 0, 22, 30, 0, 0, 0, 0, 0, 0, 0, 0, 0, 0, 0, 0]
7:4:142:isProcessAlive(-1):120:[7, 6, 4, 4, 10, 0, 22, 32, 0, 0, 0, 0, 0, 0, 0, 0, 0, 0, 0, 0]
4:7:143:!(scala.actors.Channel@bdbd,false):121:[7, 6, 4, 4, 12, 0, 22, 32, 0, 0, 0, 0, 0, 0, 0, 0, 0, 0, 0, 0]
7:6:144:DeleteEntry(-1):122:[7, 6, 4, 4, 12, 0, 22, 34, 0, 0, 0, 0, 0, 0, 0, 0, 0, 0, 0, 0]
6:7:145:!(scala.actors.Channel@bdc3,()):123:[7, 6, 4, 4, 12, 0, 24, 34, 0, 0, 0, 0, 0, 0, 0, 0, 0, 0, 0, 0]
7:1:146:!(scala.actors.Channel@b3bb,()):124:[7, 6, 4, 4, 12, 0, 24, 36, 0, 0, 0, 0, 0, 0, 0, 0, 0, 0, 0, 0]
1:6:147:InsertNewForward(pName,1):125:[7, 8, 4, 4, 12, 0, 24, 36, 0, 0, 0, 0, 0, 0, 0, 0, 0, 0, 0, 0]
6:1:148:!(scala.actors.Channel@8014,true):126:[7, 8, 4, 4, 12, 0, 26, 36, 0, 0, 0, 0, 0, 0, 0, 0, 0, 0, 0, 0]
1:7:149:Reg(1):127:[7, 10, 4, 4, 12, 0, 26, 36, 0, 0, 0, 0, 0, 0, 0, 0, 0, 0, 0, 0]
7:4:150:isProcessAlive(1):128:[7, 10, 4, 4, 12, 0, 26, 38, 0, 0, 0, 0, 0, 0, 0, 0, 0, 0, 0, 0]
4:7:151:!(scala.actors.Channel@bd22,false):129:[7, 10, 4, 4, 14, 0, 26, 38, 0, 0, 0, 0, 0, 0, 0, 0, 0, 0, 0, 0]
7:6:153:InsertNewBackward(1,samira.procreg.Monitor@bdc4):130:[7, 10, 4, 4, 14, 0, 26, 41, 0, 0, 0, 0, 0, 0, 0, 0, 0, 0, 0, 0]
6:7:154:!(scala.actors.Channel@bdc3,true):131:[7, 10, 4, 4, 14, 0, 28, 41, 0, 0, 0, 0, 0, 0, 0, 0, 0, 0, 0, 0]
7:7:152:Down(1):132:[7, 10, 4, 4, 14, 0, 26, 40, 0, 0, 0, 0, 0, 0, 0, 0, 0, 0, 0, 0]
7:6:155:GetMatch(1):133:[7, 10, 4, 4, 14, 0, 28, 44, 0, 0, 0, 0, 0, 0, 0, 0, 0, 0, 0, 0]
6:7:156:!(scala.actors.Channel@bdbd,Some(samira.procreg.Monitor@bdc4)):134:[7, 10, 4, 4, 14, 0, 30, 44, 0, 0, 0, 0, 0, 0, 0, 0, 0, 0, 0, 0]
7:6:157:DeleteEntry(1):135:[7, 10, 4, 4, 14, 0, 30, 46, 0, 0, 0, 0, 0, 0, 0, 0, 0, 0, 0, 0]
6:7:158:!(scala.actors.Channel@bdc3,()):136:[7, 10, 4, 4, 14, 0, 32, 46, 0, 0, 0, 0, 0, 0, 0, 0, 0, 0, 0, 0]
##BUG:NO_BUG:6:7sec:59
0:4:100:spawn(pName):0:[1, 0, 0, 0, 0, 0, 0, 0, 0, 0, 0, 0, 0, 0, 0, 0, 0, 0, 0, 0]
4:0:101:!(scala.actors.Channel@ba76,1):1:[1, 0, 0, 0, 2, 0, 0, 0, 0, 0, 0, 0, 0, 0, 0, 0, 0, 0, 0, 0]
0:4:102:kill(1):2:[3, 0, 0, 0, 2, 0, 0, 0, 0, 0, 0, 0, 0, 0, 0, 0, 0, 0, 0, 0]
4:0:103:!(scala.actors.Channel@b83f,()):3:[3, 0, 0, 0, 4, 0, 0, 0, 0, 0, 0, 0, 0, 0, 0, 0, 0, 0, 0, 0]
0:3:106:Register(pName,1):4:[7, 0, 0, 0, 4, 0, 0, 0, 0, 0, 0, 0, 0, 0, 0, 0, 0, 0, 0, 0]
3:6:107:InsertNewForward(pName,1):5:[7, 0, 0, 2, 4, 0, 0, 0, 0, 0, 0, 0, 0, 0, 0, 0, 0, 0, 0, 0]
6:3:108:!(scala.actors.Channel@bf0a,true):6:[7, 0, 0, 2, 4, 0, 2, 0, 0, 0, 0, 0, 0, 0, 0, 0, 0, 0, 0, 0]
3:7:109:Reg(1):7:[7, 0, 0, 4, 4, 0, 2, 0, 0, 0, 0, 0, 0, 0, 0, 0, 0, 0, 0, 0]
7:4:110:isProcessAlive(1):8:[7, 0, 0, 4, 4, 0, 2, 2, 0, 0, 0, 0, 0, 0, 0, 0, 0, 0, 0, 0]
4:7:111:!(scala.actors.Channel@bdc3,false):9:[7, 0, 0, 4, 6, 0, 2, 2, 0, 0, 0, 0, 0, 0, 0, 0, 0, 0, 0, 0]
7:6:113:InsertNewBackward(1,samira.procreg.Monitor@bdc4):10:[7, 0, 0, 4, 6, 0, 2, 5, 0, 0, 0, 0, 0, 0, 0, 0, 0, 0, 0, 0]
6:7:114:!(scala.actors.Channel@bdbd,true):11:[7, 0, 0, 4, 6, 0, 4, 5, 0, 0, 0, 0, 0, 0, 0, 0, 0, 0, 0, 0]
7:7:112:Down(1):12:[7, 0, 0, 4, 6, 0, 2, 4, 0, 0, 0, 0, 0, 0, 0, 0, 0, 0, 0, 0]
7:6:115:GetMatch(1):13:[7, 0, 0, 4, 6, 0, 4, 8, 0, 0, 0, 0, 0, 0, 0, 0, 0, 0, 0, 0]
6:7:116:!(scala.actors.Channel@bd22,Some(samira.procreg.Monitor@bdc4)):14:[7, 0, 0, 4, 6, 0, 6, 8, 0, 0, 0, 0, 0, 0, 0, 0, 0, 0, 0, 0]
7:6:117:DeleteEntry(1):15:[7, 0, 0, 4, 6, 0, 6, 10, 0, 0, 0, 0, 0, 0, 0, 0, 0, 0, 0, 0]
6:7:118:!(scala.actors.Channel@bdbd,()):16:[7, 0, 0, 4, 6, 0, 8, 10, 0, 0, 0, 0, 0, 0, 0, 0, 0, 0, 0, 0]
0:2:105:Register(pName,1):17:[6, 0, 0, 0, 4, 0, 0, 0, 0, 0, 0, 0, 0, 0, 0, 0, 0, 0, 0, 0]
0:1:104:Register(pName,1):18:[5, 0, 0, 0, 4, 0, 0, 0, 0, 0, 0, 0, 0, 0, 0, 0, 0, 0, 0, 0]
2:6:119:InsertNewForward(pName,1):137:[6, 0, 2, 0, 4, 0, 0, 0, 0, 0, 0, 0, 0, 0, 0, 0, 0, 0, 0, 0]
6:2:121:!(scala.actors.Channel@bc45,true):138:[7, 0, 2, 4, 6, 0, 10, 10, 0, 0, 0, 0, 0, 0, 0, 0, 0, 0, 0, 0]
2:7:122:Reg(1):139:[7, 0, 4, 4, 6, 0, 10, 10, 0, 0, 0, 0, 0, 0, 0, 0, 0, 0, 0, 0]
7:4:123:isProcessAlive(1):140:[7, 0, 4, 4, 6, 0, 10, 13, 0, 0, 0, 0, 0, 0, 0, 0, 0, 0, 0, 0]
4:7:124:!(scala.actors.Channel@bd22,false):141:[7, 0, 4, 4, 8, 0, 10, 13, 0, 0, 0, 0, 0, 0, 0, 0, 0, 0, 0, 0]
1:6:120:InsertNewForward(pName,1):142:[5, 2, 0, 0, 4, 0, 0, 0, 0, 0, 0, 0, 0, 0, 0, 0, 0, 0, 0, 0]
6:1:127:!(scala.actors.Channel@b3bb,false):143:[7, 2, 2, 4, 6, 0, 12, 10, 0, 0, 0, 0, 0, 0, 0, 0, 0, 0, 0, 0]
7:6:126:InsertNewBackward(1,samira.procreg.Monitor@bdc4):144:[7, 0, 4, 4, 8, 0, 10, 16, 0, 0, 0, 0, 0, 0, 0, 0, 0, 0, 0, 0]
6:7:129:!(scala.actors.Channel@bdc3,true):145:[7, 2, 4, 4, 8, 0, 14, 16, 0, 0, 0, 0, 0, 0, 0, 0, 0, 0, 0, 0]
7:7:125:Down(1):146:[7, 0, 4, 4, 8, 0, 10, 15, 0, 0, 0, 0, 0, 0, 0, 0, 0, 0, 0, 0]
7:6:130:GetMatch(1):147:[7, 2, 4, 4, 8, 0, 14, 19, 0, 0, 0, 0, 0, 0, 0, 0, 0, 0, 0, 0]
6:7:131:!(scala.actors.Channel@bdbd,Some(samira.procreg.Monitor@bdc4)):148:[7, 2, 4, 4, 8, 0, 16, 19, 0, 0, 0, 0, 0, 0, 0, 0, 0, 0, 0, 0]
7:6:132:DeleteEntry(1):149:[7, 2, 4, 4, 8, 0, 16, 21, 0, 0, 0, 0, 0, 0, 0, 0, 0, 0, 0, 0]
6:7:133:!(scala.actors.Channel@bdc3,()):150:[7, 2, 4, 4, 8, 0, 18, 21, 0, 0, 0, 0, 0, 0, 0, 0, 0, 0, 0, 0]
1:7:128:Where(pName):151:[7, 4, 2, 4, 6, 0, 12, 10, 0, 0, 0, 0, 0, 0, 0, 0, 0, 0, 0, 0]
7:6:134:Lookup(pName):152:[7, 4, 4, 4, 8, 0, 18, 24, 0, 0, 0, 0, 0, 0, 0, 0, 0, 0, 0, 0]
6:7:135:!(scala.actors.Channel@bdbd,-1):153:[7, 4, 4, 4, 8, 0, 20, 24, 0, 0, 0, 0, 0, 0, 0, 0, 0, 0, 0, 0]
7:4:136:isProcessAlive(-1):154:[7, 4, 4, 4, 8, 0, 20, 26, 0, 0, 0, 0, 0, 0, 0, 0, 0, 0, 0, 0]
4:7:137:!(scala.actors.Channel@bdc3,false):155:[7, 4, 4, 4, 10, 0, 20, 26, 0, 0, 0, 0, 0, 0, 0, 0, 0, 0, 0, 0]
7:1:138:!(scala.actors.Channel@8014,-1):156:[7, 4, 4, 4, 10, 0, 20, 28, 0, 0, 0, 0, 0, 0, 0, 0, 0, 0, 0, 0]
1:7:139:Audit(pName):157:[7, 6, 4, 4, 10, 0, 20, 28, 0, 0, 0, 0, 0, 0, 0, 0, 0, 0, 0, 0]
7:6:140:Lookup(pName):158:[7, 6, 4, 4, 10, 0, 20, 30, 0, 0, 0, 0, 0, 0, 0, 0, 0, 0, 0, 0]
6:7:141:!(scala.actors.Channel@bd22,-1):159:[7, 6, 4, 4, 10, 0, 22, 30, 0, 0, 0, 0, 0, 0, 0, 0, 0, 0, 0, 0]
7:4:142:isProcessAlive(-1):160:[7, 6, 4, 4, 10, 0, 22, 32, 0, 0, 0, 0, 0, 0, 0, 0, 0, 0, 0, 0]
4:7:143:!(scala.actors.Channel@bdbd,false):161:[7, 6, 4, 4, 12, 0, 22, 32, 0, 0, 0, 0, 0, 0, 0, 0, 0, 0, 0, 0]
7:6:144:DeleteEntry(-1):162:[7, 6, 4, 4, 12, 0, 22, 34, 0, 0, 0, 0, 0, 0, 0, 0, 0, 0, 0, 0]
6:7:145:!(scala.actors.Channel@bdc3,()):163:[7, 6, 4, 4, 12, 0, 24, 34, 0, 0, 0, 0, 0, 0, 0, 0, 0, 0, 0, 0]
7:1:146:!(scala.actors.Channel@b3bb,()):164:[7, 6, 4, 4, 12, 0, 24, 36, 0, 0, 0, 0, 0, 0, 0, 0, 0, 0, 0, 0]
1:6:147:InsertNewForward(pName,1):165:[7, 8, 4, 4, 12, 0, 24, 36, 0, 0, 0, 0, 0, 0, 0, 0, 0, 0, 0, 0]
6:1:148:!(scala.actors.Channel@8014,true):166:[7, 8, 4, 4, 12, 0, 26, 36, 0, 0, 0, 0, 0, 0, 0, 0, 0, 0, 0, 0]
1:7:149:Reg(1):167:[7, 10, 4, 4, 12, 0, 26, 36, 0, 0, 0, 0, 0, 0, 0, 0, 0, 0, 0, 0]
7:4:150:isProcessAlive(1):168:[7, 10, 4, 4, 12, 0, 26, 38, 0, 0, 0, 0, 0, 0, 0, 0, 0, 0, 0, 0]
4:7:151:!(scala.actors.Channel@bd22,false):169:[7, 10, 4, 4, 14, 0, 26, 38, 0, 0, 0, 0, 0, 0, 0, 0, 0, 0, 0, 0]
7:6:153:InsertNewBackward(1,samira.procreg.Monitor@bdc4):170:[7, 10, 4, 4, 14, 0, 26, 41, 0, 0, 0, 0, 0, 0, 0, 0, 0, 0, 0, 0]
6:7:154:!(scala.actors.Channel@bdc3,true):171:[7, 10, 4, 4, 14, 0, 28, 41, 0, 0, 0, 0, 0, 0, 0, 0, 0, 0, 0, 0]
7:7:152:Down(1):172:[7, 10, 4, 4, 14, 0, 26, 40, 0, 0, 0, 0, 0, 0, 0, 0, 0, 0, 0, 0]
7:6:155:GetMatch(1):173:[7, 10, 4, 4, 14, 0, 28, 44, 0, 0, 0, 0, 0, 0, 0, 0, 0, 0, 0, 0]
6:7:156:!(scala.actors.Channel@bdbd,Some(samira.procreg.Monitor@bdc4)):174:[7, 10, 4, 4, 14, 0, 30, 44, 0, 0, 0, 0, 0, 0, 0, 0, 0, 0, 0, 0]
7:6:157:DeleteEntry(1):175:[7, 10, 4, 4, 14, 0, 30, 46, 0, 0, 0, 0, 0, 0, 0, 0, 0, 0, 0, 0]
6:7:158:!(scala.actors.Channel@bdc3,()):176:[7, 10, 4, 4, 14, 0, 32, 46, 0, 0, 0, 0, 0, 0, 0, 0, 0, 0, 0, 0]
##BUG:NO_BUG:7:8sec:43
0:4:100:spawn(pName):0:[1, 0, 0, 0, 0, 0, 0, 0, 0, 0, 0, 0, 0, 0, 0, 0, 0, 0, 0, 0]
4:0:101:!(scala.actors.Channel@ba76,1):1:[1, 0, 0, 0, 2, 0, 0, 0, 0, 0, 0, 0, 0, 0, 0, 0, 0, 0, 0, 0]
0:4:102:kill(1):2:[3, 0, 0, 0, 2, 0, 0, 0, 0, 0, 0, 0, 0, 0, 0, 0, 0, 0, 0, 0]
4:0:103:!(scala.actors.Channel@b83f,()):3:[3, 0, 0, 0, 4, 0, 0, 0, 0, 0, 0, 0, 0, 0, 0, 0, 0, 0, 0, 0]
0:3:106:Register(pName,1):4:[7, 0, 0, 0, 4, 0, 0, 0, 0, 0, 0, 0, 0, 0, 0, 0, 0, 0, 0, 0]
3:6:107:InsertNewForward(pName,1):5:[7, 0, 0, 2, 4, 0, 0, 0, 0, 0, 0, 0, 0, 0, 0, 0, 0, 0, 0, 0]
6:3:108:!(scala.actors.Channel@bf0a,true):6:[7, 0, 0, 2, 4, 0, 2, 0, 0, 0, 0, 0, 0, 0, 0, 0, 0, 0, 0, 0]
3:7:109:Reg(1):7:[7, 0, 0, 4, 4, 0, 2, 0, 0, 0, 0, 0, 0, 0, 0, 0, 0, 0, 0, 0]
7:4:110:isProcessAlive(1):8:[7, 0, 0, 4, 4, 0, 2, 2, 0, 0, 0, 0, 0, 0, 0, 0, 0, 0, 0, 0]
4:7:111:!(scala.actors.Channel@bdc3,false):9:[7, 0, 0, 4, 6, 0, 2, 2, 0, 0, 0, 0, 0, 0, 0, 0, 0, 0, 0, 0]
7:6:113:InsertNewBackward(1,samira.procreg.Monitor@bdc4):10:[7, 0, 0, 4, 6, 0, 2, 5, 0, 0, 0, 0, 0, 0, 0, 0, 0, 0, 0, 0]
6:7:114:!(scala.actors.Channel@bdbd,true):11:[7, 0, 0, 4, 6, 0, 4, 5, 0, 0, 0, 0, 0, 0, 0, 0, 0, 0, 0, 0]
7:7:112:Down(1):12:[7, 0, 0, 4, 6, 0, 2, 4, 0, 0, 0, 0, 0, 0, 0, 0, 0, 0, 0, 0]
7:6:115:GetMatch(1):13:[7, 0, 0, 4, 6, 0, 4, 8, 0, 0, 0, 0, 0, 0, 0, 0, 0, 0, 0, 0]
6:7:116:!(scala.actors.Channel@bd22,Some(samira.procreg.Monitor@bdc4)):14:[7, 0, 0, 4, 6, 0, 6, 8, 0, 0, 0, 0, 0, 0, 0, 0, 0, 0, 0, 0]
7:6:117:DeleteEntry(1):15:[7, 0, 0, 4, 6, 0, 6, 10, 0, 0, 0, 0, 0, 0, 0, 0, 0, 0, 0, 0]
0:2:105:Register(pName,1):16:[6, 0, 0, 0, 4, 0, 0, 0, 0, 0, 0, 0, 0, 0, 0, 0, 0, 0, 0, 0]
2:6:119:InsertNewForward(pName,1):177:[6, 0, 2, 0, 4, 0, 0, 0, 0, 0, 0, 0, 0, 0, 0, 0, 0, 0, 0, 0]
6:2:120:!(scala.actors.Channel@bc45,true):178:[7, 0, 2, 4, 6, 0, 10, 10, 0, 0, 0, 0, 0, 0, 0, 0, 0, 0, 0, 0]
6:7:118:!(scala.actors.Channel@bdbd,()):179:[7, 0, 0, 4, 6, 0, 8, 10, 0, 0, 0, 0, 0, 0, 0, 0, 0, 0, 0, 0]
2:7:121:Reg(1):180:[7, 0, 4, 4, 6, 0, 10, 10, 0, 0, 0, 0, 0, 0, 0, 0, 0, 0, 0, 0]
7:4:122:isProcessAlive(1):181:[7, 0, 4, 4, 6, 0, 10, 13, 0, 0, 0, 0, 0, 0, 0, 0, 0, 0, 0, 0]
4:7:123:!(scala.actors.Channel@bd22,false):182:[7, 0, 4, 4, 8, 0, 10, 13, 0, 0, 0, 0, 0, 0, 0, 0, 0, 0, 0, 0]
7:6:125:InsertNewBackward(1,samira.procreg.Monitor@bdc4):183:[7, 0, 4, 4, 8, 0, 10, 16, 0, 0, 0, 0, 0, 0, 0, 0, 0, 0, 0, 0]
6:7:126:!(scala.actors.Channel@bdc3,true):184:[7, 0, 4, 4, 8, 0, 12, 16, 0, 0, 0, 0, 0, 0, 0, 0, 0, 0, 0, 0]
7:7:124:Down(1):185:[7, 0, 4, 4, 8, 0, 10, 15, 0, 0, 0, 0, 0, 0, 0, 0, 0, 0, 0, 0]
7:6:127:GetMatch(1):186:[7, 0, 4, 4, 8, 0, 12, 19, 0, 0, 0, 0, 0, 0, 0, 0, 0, 0, 0, 0]
6:7:128:!(scala.actors.Channel@bdbd,Some(samira.procreg.Monitor@bdc4)):187:[7, 0, 4, 4, 8, 0, 14, 19, 0, 0, 0, 0, 0, 0, 0, 0, 0, 0, 0, 0]
7:6:129:DeleteEntry(1):188:[7, 0, 4, 4, 8, 0, 14, 21, 0, 0, 0, 0, 0, 0, 0, 0, 0, 0, 0, 0]
6:7:130:!(scala.actors.Channel@bdc3,()):189:[7, 0, 4, 4, 8, 0, 16, 21, 0, 0, 0, 0, 0, 0, 0, 0, 0, 0, 0, 0]
0:1:104:Register(pName,1):190:[5, 0, 0, 0, 4, 0, 0, 0, 0, 0, 0, 0, 0, 0, 0, 0, 0, 0, 0, 0]
1:6:131:InsertNewForward(pName,1):191:[5, 2, 0, 0, 4, 0, 0, 0, 0, 0, 0, 0, 0, 0, 0, 0, 0, 0, 0, 0]
6:1:132:!(scala.actors.Channel@b3bb,true):192:[7, 2, 4, 4, 8, 0, 18, 21, 0, 0, 0, 0, 0, 0, 0, 0, 0, 0, 0, 0]
1:7:133:Reg(1):193:[7, 4, 4, 4, 8, 0, 18, 21, 0, 0, 0, 0, 0, 0, 0, 0, 0, 0, 0, 0]
7:4:134:isProcessAlive(1):194:[7, 4, 4, 4, 8, 0, 18, 24, 0, 0, 0, 0, 0, 0, 0, 0, 0, 0, 0, 0]
4:7:135:!(scala.actors.Channel@bdbd,false):195:[7, 4, 4, 4, 10, 0, 18, 24, 0, 0, 0, 0, 0, 0, 0, 0, 0, 0, 0, 0]
7:6:137:InsertNewBackward(1,samira.procreg.Monitor@bdc4):196:[7, 4, 4, 4, 10, 0, 18, 27, 0, 0, 0, 0, 0, 0, 0, 0, 0, 0, 0, 0]
6:7:138:!(scala.actors.Channel@bdc3,true):197:[7, 4, 4, 4, 10, 0, 20, 27, 0, 0, 0, 0, 0, 0, 0, 0, 0, 0, 0, 0]
7:7:136:Down(1):198:[7, 4, 4, 4, 10, 0, 18, 26, 0, 0, 0, 0, 0, 0, 0, 0, 0, 0, 0, 0]
7:6:139:GetMatch(1):199:[7, 4, 4, 4, 10, 0, 20, 30, 0, 0, 0, 0, 0, 0, 0, 0, 0, 0, 0, 0]
6:7:140:!(scala.actors.Channel@bd22,Some(samira.procreg.Monitor@bdc4)):200:[7, 4, 4, 4, 10, 0, 22, 30, 0, 0, 0, 0, 0, 0, 0, 0, 0, 0, 0, 0]
7:6:141:DeleteEntry(1):201:[7, 4, 4, 4, 10, 0, 22, 32, 0, 0, 0, 0, 0, 0, 0, 0, 0, 0, 0, 0]
6:7:142:!(scala.actors.Channel@bdc3,()):202:[7, 4, 4, 4, 10, 0, 24, 32, 0, 0, 0, 0, 0, 0, 0, 0, 0, 0, 0, 0]
##BUG:NO_BUG:8:9sec:43
0:4:100:spawn(pName):0:[1, 0, 0, 0, 0, 0, 0, 0, 0, 0, 0, 0, 0, 0, 0, 0, 0, 0, 0, 0]
4:0:101:!(scala.actors.Channel@ba76,1):1:[1, 0, 0, 0, 2, 0, 0, 0, 0, 0, 0, 0, 0, 0, 0, 0, 0, 0, 0, 0]
0:4:102:kill(1):2:[3, 0, 0, 0, 2, 0, 0, 0, 0, 0, 0, 0, 0, 0, 0, 0, 0, 0, 0, 0]
4:0:103:!(scala.actors.Channel@b83f,()):3:[3, 0, 0, 0, 4, 0, 0, 0, 0, 0, 0, 0, 0, 0, 0, 0, 0, 0, 0, 0]
0:3:106:Register(pName,1):4:[7, 0, 0, 0, 4, 0, 0, 0, 0, 0, 0, 0, 0, 0, 0, 0, 0, 0, 0, 0]
3:6:107:InsertNewForward(pName,1):5:[7, 0, 0, 2, 4, 0, 0, 0, 0, 0, 0, 0, 0, 0, 0, 0, 0, 0, 0, 0]
6:3:108:!(scala.actors.Channel@bf0a,true):6:[7, 0, 0, 2, 4, 0, 2, 0, 0, 0, 0, 0, 0, 0, 0, 0, 0, 0, 0, 0]
3:7:109:Reg(1):7:[7, 0, 0, 4, 4, 0, 2, 0, 0, 0, 0, 0, 0, 0, 0, 0, 0, 0, 0, 0]
7:4:110:isProcessAlive(1):8:[7, 0, 0, 4, 4, 0, 2, 2, 0, 0, 0, 0, 0, 0, 0, 0, 0, 0, 0, 0]
4:7:111:!(scala.actors.Channel@bdc3,false):9:[7, 0, 0, 4, 6, 0, 2, 2, 0, 0, 0, 0, 0, 0, 0, 0, 0, 0, 0, 0]
7:6:113:InsertNewBackward(1,samira.procreg.Monitor@bdc4):10:[7, 0, 0, 4, 6, 0, 2, 5, 0, 0, 0, 0, 0, 0, 0, 0, 0, 0, 0, 0]
6:7:114:!(scala.actors.Channel@bdbd,true):11:[7, 0, 0, 4, 6, 0, 4, 5, 0, 0, 0, 0, 0, 0, 0, 0, 0, 0, 0, 0]
7:7:112:Down(1):12:[7, 0, 0, 4, 6, 0, 2, 4, 0, 0, 0, 0, 0, 0, 0, 0, 0, 0, 0, 0]
7:6:115:GetMatch(1):13:[7, 0, 0, 4, 6, 0, 4, 8, 0, 0, 0, 0, 0, 0, 0, 0, 0, 0, 0, 0]
6:7:116:!(scala.actors.Channel@bd22,Some(samira.procreg.Monitor@bdc4)):14:[7, 0, 0, 4, 6, 0, 6, 8, 0, 0, 0, 0, 0, 0, 0, 0, 0, 0, 0, 0]
0:2:105:Register(pName,1):15:[6, 0, 0, 0, 4, 0, 0, 0, 0, 0, 0, 0, 0, 0, 0, 0, 0, 0, 0, 0]
7:6:117:DeleteEntry(1):203:[7, 0, 0, 4, 6, 0, 6, 10, 0, 0, 0, 0, 0, 0, 0, 0, 0, 0, 0, 0]
6:7:119:!(scala.actors.Channel@bdbd,()):204:[7, 0, 0, 4, 6, 0, 8, 10, 0, 0, 0, 0, 0, 0, 0, 0, 0, 0, 0, 0]
2:6:118:InsertNewForward(pName,1):205:[6, 0, 2, 0, 4, 0, 0, 0, 0, 0, 0, 0, 0, 0, 0, 0, 0, 0, 0, 0]
6:2:120:!(scala.actors.Channel@bc45,true):206:[7, 0, 2, 4, 6, 0, 10, 10, 0, 0, 0, 0, 0, 0, 0, 0, 0, 0, 0, 0]
2:7:121:Reg(1):207:[7, 0, 4, 4, 6, 0, 10, 10, 0, 0, 0, 0, 0, 0, 0, 0, 0, 0, 0, 0]
7:4:122:isProcessAlive(1):208:[7, 0, 4, 4, 6, 0, 10, 13, 0, 0, 0, 0, 0, 0, 0, 0, 0, 0, 0, 0]
4:7:123:!(scala.actors.Channel@bd22,false):209:[7, 0, 4, 4, 8, 0, 10, 13, 0, 0, 0, 0, 0, 0, 0, 0, 0, 0, 0, 0]
7:6:125:InsertNewBackward(1,samira.procreg.Monitor@bdc4):210:[7, 0, 4, 4, 8, 0, 10, 16, 0, 0, 0, 0, 0, 0, 0, 0, 0, 0, 0, 0]
6:7:126:!(scala.actors.Channel@bdc3,true):211:[7, 0, 4, 4, 8, 0, 12, 16, 0, 0, 0, 0, 0, 0, 0, 0, 0, 0, 0, 0]
7:7:124:Down(1):212:[7, 0, 4, 4, 8, 0, 10, 15, 0, 0, 0, 0, 0, 0, 0, 0, 0, 0, 0, 0]
7:6:127:GetMatch(1):213:[7, 0, 4, 4, 8, 0, 12, 19, 0, 0, 0, 0, 0, 0, 0, 0, 0, 0, 0, 0]
6:7:128:!(scala.actors.Channel@bdbd,Some(samira.procreg.Monitor@bdc4)):214:[7, 0, 4, 4, 8, 0, 14, 19, 0, 0, 0, 0, 0, 0, 0, 0, 0, 0, 0, 0]
7:6:129:DeleteEntry(1):215:[7, 0, 4, 4, 8, 0, 14, 21, 0, 0, 0, 0, 0, 0, 0, 0, 0, 0, 0, 0]
6:7:130:!(scala.actors.Channel@bdc3,()):216:[7, 0, 4, 4, 8, 0, 16, 21, 0, 0, 0, 0, 0, 0, 0, 0, 0, 0, 0, 0]
0:1:104:Register(pName,1):217:[5, 0, 0, 0, 4, 0, 0, 0, 0, 0, 0, 0, 0, 0, 0, 0, 0, 0, 0, 0]
1:6:131:InsertNewForward(pName,1):218:[5, 2, 0, 0, 4, 0, 0, 0, 0, 0, 0, 0, 0, 0, 0, 0, 0, 0, 0, 0]
6:1:132:!(scala.actors.Channel@b3bb,true):219:[7, 2, 4, 4, 8, 0, 18, 21, 0, 0, 0, 0, 0, 0, 0, 0, 0, 0, 0, 0]
1:7:133:Reg(1):220:[7, 4, 4, 4, 8, 0, 18, 21, 0, 0, 0, 0, 0, 0, 0, 0, 0, 0, 0, 0]
7:4:134:isProcessAlive(1):221:[7, 4, 4, 4, 8, 0, 18, 24, 0, 0, 0, 0, 0, 0, 0, 0, 0, 0, 0, 0]
4:7:135:!(scala.actors.Channel@bdbd,false):222:[7, 4, 4, 4, 10, 0, 18, 24, 0, 0, 0, 0, 0, 0, 0, 0, 0, 0, 0, 0]
7:6:137:InsertNewBackward(1,samira.procreg.Monitor@bdc4):223:[7, 4, 4, 4, 10, 0, 18, 27, 0, 0, 0, 0, 0, 0, 0, 0, 0, 0, 0, 0]
6:7:138:!(scala.actors.Channel@bdc3,true):224:[7, 4, 4, 4, 10, 0, 20, 27, 0, 0, 0, 0, 0, 0, 0, 0, 0, 0, 0, 0]
7:7:136:Down(1):225:[7, 4, 4, 4, 10, 0, 18, 26, 0, 0, 0, 0, 0, 0, 0, 0, 0, 0, 0, 0]
7:6:139:GetMatch(1):226:[7, 4, 4, 4, 10, 0, 20, 30, 0, 0, 0, 0, 0, 0, 0, 0, 0, 0, 0, 0]
6:7:140:!(scala.actors.Channel@bd22,Some(samira.procreg.Monitor@bdc4)):227:[7, 4, 4, 4, 10, 0, 22, 30, 0, 0, 0, 0, 0, 0, 0, 0, 0, 0, 0, 0]
7:6:141:DeleteEntry(1):228:[7, 4, 4, 4, 10, 0, 22, 32, 0, 0, 0, 0, 0, 0, 0, 0, 0, 0, 0, 0]
6:7:142:!(scala.actors.Channel@bdc3,()):229:[7, 4, 4, 4, 10, 0, 24, 32, 0, 0, 0, 0, 0, 0, 0, 0, 0, 0, 0, 0]
##BUG:NO_BUG:9:10sec:43
0:4:100:spawn(pName):0:[1, 0, 0, 0, 0, 0, 0, 0, 0, 0, 0, 0, 0, 0, 0, 0, 0, 0, 0, 0]
4:0:101:!(scala.actors.Channel@ba76,1):1:[1, 0, 0, 0, 2, 0, 0, 0, 0, 0, 0, 0, 0, 0, 0, 0, 0, 0, 0, 0]
0:4:102:kill(1):2:[3, 0, 0, 0, 2, 0, 0, 0, 0, 0, 0, 0, 0, 0, 0, 0, 0, 0, 0, 0]
4:0:103:!(scala.actors.Channel@b83f,()):3:[3, 0, 0, 0, 4, 0, 0, 0, 0, 0, 0, 0, 0, 0, 0, 0, 0, 0, 0, 0]
0:3:106:Register(pName,1):4:[7, 0, 0, 0, 4, 0, 0, 0, 0, 0, 0, 0, 0, 0, 0, 0, 0, 0, 0, 0]
3:6:107:InsertNewForward(pName,1):5:[7, 0, 0, 2, 4, 0, 0, 0, 0, 0, 0, 0, 0, 0, 0, 0, 0, 0, 0, 0]
6:3:108:!(scala.actors.Channel@bf0a,true):6:[7, 0, 0, 2, 4, 0, 2, 0, 0, 0, 0, 0, 0, 0, 0, 0, 0, 0, 0, 0]
3:7:109:Reg(1):7:[7, 0, 0, 4, 4, 0, 2, 0, 0, 0, 0, 0, 0, 0, 0, 0, 0, 0, 0, 0]
7:4:110:isProcessAlive(1):8:[7, 0, 0, 4, 4, 0, 2, 2, 0, 0, 0, 0, 0, 0, 0, 0, 0, 0, 0, 0]
4:7:111:!(scala.actors.Channel@bdc3,false):9:[7, 0, 0, 4, 6, 0, 2, 2, 0, 0, 0, 0, 0, 0, 0, 0, 0, 0, 0, 0]
7:6:113:InsertNewBackward(1,samira.procreg.Monitor@bdc4):10:[7, 0, 0, 4, 6, 0, 2, 5, 0, 0, 0, 0, 0, 0, 0, 0, 0, 0, 0, 0]
6:7:114:!(scala.actors.Channel@bdbd,true):11:[7, 0, 0, 4, 6, 0, 4, 5, 0, 0, 0, 0, 0, 0, 0, 0, 0, 0, 0, 0]
7:7:112:Down(1):12:[7, 0, 0, 4, 6, 0, 2, 4, 0, 0, 0, 0, 0, 0, 0, 0, 0, 0, 0, 0]
7:6:115:GetMatch(1):13:[7, 0, 0, 4, 6, 0, 4, 8, 0, 0, 0, 0, 0, 0, 0, 0, 0, 0, 0, 0]
6:7:116:!(scala.actors.Channel@bd22,Some(samira.procreg.Monitor@bdc4)):14:[7, 0, 0, 4, 6, 0, 6, 8, 0, 0, 0, 0, 0, 0, 0, 0, 0, 0, 0, 0]
0:1:104:Register(pName,1):15:[5, 0, 0, 0, 4, 0, 0, 0, 0, 0, 0, 0, 0, 0, 0, 0, 0, 0, 0, 0]
7:6:117:DeleteEntry(1):230:[7, 0, 0, 4, 6, 0, 6, 10, 0, 0, 0, 0, 0, 0, 0, 0, 0, 0, 0, 0]
6:7:119:!(scala.actors.Channel@bdbd,()):231:[7, 0, 0, 4, 6, 0, 8, 10, 0, 0, 0, 0, 0, 0, 0, 0, 0, 0, 0, 0]
1:6:118:InsertNewForward(pName,1):232:[5, 2, 0, 0, 4, 0, 0, 0, 0, 0, 0, 0, 0, 0, 0, 0, 0, 0, 0, 0]
6:1:120:!(scala.actors.Channel@b3bb,true):233:[7, 2, 0, 4, 6, 0, 10, 10, 0, 0, 0, 0, 0, 0, 0, 0, 0, 0, 0, 0]
1:7:121:Reg(1):234:[7, 4, 0, 4, 6, 0, 10, 10, 0, 0, 0, 0, 0, 0, 0, 0, 0, 0, 0, 0]
7:4:122:isProcessAlive(1):235:[7, 4, 0, 4, 6, 0, 10, 13, 0, 0, 0, 0, 0, 0, 0, 0, 0, 0, 0, 0]
4:7:123:!(scala.actors.Channel@bd22,false):236:[7, 4, 0, 4, 8, 0, 10, 13, 0, 0, 0, 0, 0, 0, 0, 0, 0, 0, 0, 0]
7:6:125:InsertNewBackward(1,samira.procreg.Monitor@bdc4):237:[7, 4, 0, 4, 8, 0, 10, 16, 0, 0, 0, 0, 0, 0, 0, 0, 0, 0, 0, 0]
6:7:126:!(scala.actors.Channel@bdc3,true):238:[7, 4, 0, 4, 8, 0, 12, 16, 0, 0, 0, 0, 0, 0, 0, 0, 0, 0, 0, 0]
7:7:124:Down(1):239:[7, 4, 0, 4, 8, 0, 10, 15, 0, 0, 0, 0, 0, 0, 0, 0, 0, 0, 0, 0]
7:6:127:GetMatch(1):240:[7, 4, 0, 4, 8, 0, 12, 19, 0, 0, 0, 0, 0, 0, 0, 0, 0, 0, 0, 0]
6:7:128:!(scala.actors.Channel@bdbd,Some(samira.procreg.Monitor@bdc4)):241:[7, 4, 0, 4, 8, 0, 14, 19, 0, 0, 0, 0, 0, 0, 0, 0, 0, 0, 0, 0]
7:6:129:DeleteEntry(1):242:[7, 4, 0, 4, 8, 0, 14, 21, 0, 0, 0, 0, 0, 0, 0, 0, 0, 0, 0, 0]
6:7:130:!(scala.actors.Channel@bdc3,()):243:[7, 4, 0, 4, 8, 0, 16, 21, 0, 0, 0, 0, 0, 0, 0, 0, 0, 0, 0, 0]
0:2:105:Register(pName,1):244:[6, 0, 0, 0, 4, 0, 0, 0, 0, 0, 0, 0, 0, 0, 0, 0, 0, 0, 0, 0]
2:6:131:InsertNewForward(pName,1):245:[6, 0, 2, 0, 4, 0, 0, 0, 0, 0, 0, 0, 0, 0, 0, 0, 0, 0, 0, 0]
6:2:132:!(scala.actors.Channel@bc45,true):246:[7, 4, 2, 4, 8, 0, 18, 21, 0, 0, 0, 0, 0, 0, 0, 0, 0, 0, 0, 0]
2:7:133:Reg(1):247:[7, 4, 4, 4, 8, 0, 18, 21, 0, 0, 0, 0, 0, 0, 0, 0, 0, 0, 0, 0]
7:4:134:isProcessAlive(1):248:[7, 4, 4, 4, 8, 0, 18, 24, 0, 0, 0, 0, 0, 0, 0, 0, 0, 0, 0, 0]
4:7:135:!(scala.actors.Channel@bdbd,false):249:[7, 4, 4, 4, 10, 0, 18, 24, 0, 0, 0, 0, 0, 0, 0, 0, 0, 0, 0, 0]
7:6:137:InsertNewBackward(1,samira.procreg.Monitor@bdc4):250:[7, 4, 4, 4, 10, 0, 18, 27, 0, 0, 0, 0, 0, 0, 0, 0, 0, 0, 0, 0]
6:7:138:!(scala.actors.Channel@bdc3,true):251:[7, 4, 4, 4, 10, 0, 20, 27, 0, 0, 0, 0, 0, 0, 0, 0, 0, 0, 0, 0]
7:7:136:Down(1):252:[7, 4, 4, 4, 10, 0, 18, 26, 0, 0, 0, 0, 0, 0, 0, 0, 0, 0, 0, 0]
7:6:139:GetMatch(1):253:[7, 4, 4, 4, 10, 0, 20, 30, 0, 0, 0, 0, 0, 0, 0, 0, 0, 0, 0, 0]
6:7:140:!(scala.actors.Channel@bd22,Some(samira.procreg.Monitor@bdc4)):254:[7, 4, 4, 4, 10, 0, 22, 30, 0, 0, 0, 0, 0, 0, 0, 0, 0, 0, 0, 0]
7:6:141:DeleteEntry(1):255:[7, 4, 4, 4, 10, 0, 22, 32, 0, 0, 0, 0, 0, 0, 0, 0, 0, 0, 0, 0]
6:7:142:!(scala.actors.Channel@bdc3,()):256:[7, 4, 4, 4, 10, 0, 24, 32, 0, 0, 0, 0, 0, 0, 0, 0, 0, 0, 0, 0]
##BUG:NO_BUG:10:11sec:59
0:4:100:spawn(pName):0:[1, 0, 0, 0, 0, 0, 0, 0, 0, 0, 0, 0, 0, 0, 0, 0, 0, 0, 0, 0]
4:0:101:!(scala.actors.Channel@ba76,1):1:[1, 0, 0, 0, 2, 0, 0, 0, 0, 0, 0, 0, 0, 0, 0, 0, 0, 0, 0, 0]
0:4:102:kill(1):2:[3, 0, 0, 0, 2, 0, 0, 0, 0, 0, 0, 0, 0, 0, 0, 0, 0, 0, 0, 0]
4:0:103:!(scala.actors.Channel@b83f,()):3:[3, 0, 0, 0, 4, 0, 0, 0, 0, 0, 0, 0, 0, 0, 0, 0, 0, 0, 0, 0]
0:3:106:Register(pName,1):4:[7, 0, 0, 0, 4, 0, 0, 0, 0, 0, 0, 0, 0, 0, 0, 0, 0, 0, 0, 0]
3:6:107:InsertNewForward(pName,1):5:[7, 0, 0, 2, 4, 0, 0, 0, 0, 0, 0, 0, 0, 0, 0, 0, 0, 0, 0, 0]
6:3:108:!(scala.actors.Channel@bf0a,true):6:[7, 0, 0, 2, 4, 0, 2, 0, 0, 0, 0, 0, 0, 0, 0, 0, 0, 0, 0, 0]
3:7:109:Reg(1):7:[7, 0, 0, 4, 4, 0, 2, 0, 0, 0, 0, 0, 0, 0, 0, 0, 0, 0, 0, 0]
7:4:110:isProcessAlive(1):8:[7, 0, 0, 4, 4, 0, 2, 2, 0, 0, 0, 0, 0, 0, 0, 0, 0, 0, 0, 0]
4:7:111:!(scala.actors.Channel@bdc3,false):9:[7, 0, 0, 4, 6, 0, 2, 2, 0, 0, 0, 0, 0, 0, 0, 0, 0, 0, 0, 0]
7:6:113:InsertNewBackward(1,samira.procreg.Monitor@bdc4):10:[7, 0, 0, 4, 6, 0, 2, 5, 0, 0, 0, 0, 0, 0, 0, 0, 0, 0, 0, 0]
6:7:114:!(scala.actors.Channel@bdbd,true):11:[7, 0, 0, 4, 6, 0, 4, 5, 0, 0, 0, 0, 0, 0, 0, 0, 0, 0, 0, 0]
7:7:112:Down(1):12:[7, 0, 0, 4, 6, 0, 2, 4, 0, 0, 0, 0, 0, 0, 0, 0, 0, 0, 0, 0]
0:2:105:Register(pName,1):13:[6, 0, 0, 0, 4, 0, 0, 0, 0, 0, 0, 0, 0, 0, 0, 0, 0, 0, 0, 0]
7:6:115:GetMatch(1):257:[7, 0, 0, 4, 6, 0, 4, 8, 0, 0, 0, 0, 0, 0, 0, 0, 0, 0, 0, 0]
6:7:117:!(scala.actors.Channel@bd22,Some(samira.procreg.Monitor@bdc4)):258:[7, 0, 0, 4, 6, 0, 6, 8, 0, 0, 0, 0, 0, 0, 0, 0, 0, 0, 0, 0]
2:6:116:InsertNewForward(pName,1):259:[6, 0, 2, 0, 4, 0, 0, 0, 0, 0, 0, 0, 0, 0, 0, 0, 0, 0, 0, 0]
6:2:119:!(scala.actors.Channel@bc45,false):260:[7, 0, 2, 4, 6, 0, 8, 8, 0, 0, 0, 0, 0, 0, 0, 0, 0, 0, 0, 0]
7:6:118:DeleteEntry(1):261:[7, 0, 0, 4, 6, 0, 6, 10, 0, 0, 0, 0, 0, 0, 0, 0, 0, 0, 0, 0]
6:7:121:!(scala.actors.Channel@bdbd,()):262:[7, 0, 2, 4, 6, 0, 10, 10, 0, 0, 0, 0, 0, 0, 0, 0, 0, 0, 0, 0]
2:7:120:Where(pName):263:[7, 0, 4, 4, 6, 0, 8, 8, 0, 0, 0, 0, 0, 0, 0, 0, 0, 0, 0, 0]
7:6:122:Lookup(pName):264:[7, 0, 4, 4, 6, 0, 10, 13, 0, 0, 0, 0, 0, 0, 0, 0, 0, 0, 0, 0]
6:7:123:!(scala.actors.Channel@bd22,-1):265:[7, 0, 4, 4, 6, 0, 12, 13, 0, 0, 0, 0, 0, 0, 0, 0, 0, 0, 0, 0]
7:4:124:isProcessAlive(-1):266:[7, 0, 4, 4, 6, 0, 12, 15, 0, 0, 0, 0, 0, 0, 0, 0, 0, 0, 0, 0]
4:7:125:!(scala.actors.Channel@bdbd,false):267:[7, 0, 4, 4, 8, 0, 12, 15, 0, 0, 0, 0, 0, 0, 0, 0, 0, 0, 0, 0]
7:2:126:!(scala.actors.Channel@872c,-1):268:[7, 0, 4, 4, 8, 0, 12, 17, 0, 0, 0, 0, 0, 0, 0, 0, 0, 0, 0, 0]
2:7:127:Audit(pName):269:[7, 0, 6, 4, 8, 0, 12, 17, 0, 0, 0, 0, 0, 0, 0, 0, 0, 0, 0, 0]
7:6:128:Lookup(pName):270:[7, 0, 6, 4, 8, 0, 12, 19, 0, 0, 0, 0, 0, 0, 0, 0, 0, 0, 0, 0]
6:7:129:!(scala.actors.Channel@bdc3,-1):271:[7, 0, 6, 4, 8, 0, 14, 19, 0, 0, 0, 0, 0, 0, 0, 0, 0, 0, 0, 0]
7:4:130:isProcessAlive(-1):272:[7, 0, 6, 4, 8, 0, 14, 21, 0, 0, 0, 0, 0, 0, 0, 0, 0, 0, 0, 0]
4:7:131:!(scala.actors.Channel@bd22,false):273:[7, 0, 6, 4, 10, 0, 14, 21, 0, 0, 0, 0, 0, 0, 0, 0, 0, 0, 0, 0]
7:6:132:DeleteEntry(-1):274:[7, 0, 6, 4, 10, 0, 14, 23, 0, 0, 0, 0, 0, 0, 0, 0, 0, 0, 0, 0]
6:7:133:!(scala.actors.Channel@bdbd,()):275:[7, 0, 6, 4, 10, 0, 16, 23, 0, 0, 0, 0, 0, 0, 0, 0, 0, 0, 0, 0]
7:2:134:!(scala.actors.Channel@bc45,()):276:[7, 0, 6, 4, 10, 0, 16, 25, 0, 0, 0, 0, 0, 0, 0, 0, 0, 0, 0, 0]
2:6:135:InsertNewForward(pName,1):277:[7, 0, 8, 4, 10, 0, 16, 25, 0, 0, 0, 0, 0, 0, 0, 0, 0, 0, 0, 0]
6:2:136:!(scala.actors.Channel@872c,true):278:[7, 0, 8, 4, 10, 0, 18, 25, 0, 0, 0, 0, 0, 0, 0, 0, 0, 0, 0, 0]
2:7:137:Reg(1):279:[7, 0, 10, 4, 10, 0, 18, 25, 0, 0, 0, 0, 0, 0, 0, 0, 0, 0, 0, 0]
7:4:138:isProcessAlive(1):280:[7, 0, 10, 4, 10, 0, 18, 27, 0, 0, 0, 0, 0, 0, 0, 0, 0, 0, 0, 0]
4:7:139:!(scala.actors.Channel@bdc3,false):281:[7, 0, 10, 4, 12, 0, 18, 27, 0, 0, 0, 0, 0, 0, 0, 0, 0, 0, 0, 0]
7:6:141:InsertNewBackward(1,samira.procreg.Monitor@bdc4):282:[7, 0, 10, 4, 12, 0, 18, 30, 0, 0, 0, 0, 0, 0, 0, 0, 0, 0, 0, 0]
6:7:142:!(scala.actors.Channel@bdbd,true):283:[7, 0, 10, 4, 12, 0, 20, 30, 0, 0, 0, 0, 0, 0, 0, 0, 0, 0, 0, 0]
7:7:140:Down(1):284:[7, 0, 10, 4, 12, 0, 18, 29, 0, 0, 0, 0, 0, 0, 0, 0, 0, 0, 0, 0]
7:6:143:GetMatch(1):285:[7, 0, 10, 4, 12, 0, 20, 33, 0, 0, 0, 0, 0, 0, 0, 0, 0, 0, 0, 0]
6:7:144:!(scala.actors.Channel@bd22,Some(samira.procreg.Monitor@bdc4)):286:[7, 0, 10, 4, 12, 0, 22, 33, 0, 0, 0, 0, 0, 0, 0, 0, 0, 0, 0, 0]
7:6:145:DeleteEntry(1):287:[7, 0, 10, 4, 12, 0, 22, 35, 0, 0, 0, 0, 0, 0, 0, 0, 0, 0, 0, 0]
6:7:146:!(scala.actors.Channel@bdbd,()):288:[7, 0, 10, 4, 12, 0, 24, 35, 0, 0, 0, 0, 0, 0, 0, 0, 0, 0, 0, 0]
0:1:104:Register(pName,1):289:[5, 0, 0, 0, 4, 0, 0, 0, 0, 0, 0, 0, 0, 0, 0, 0, 0, 0, 0, 0]
1:6:147:InsertNewForward(pName,1):290:[5, 2, 0, 0, 4, 0, 0, 0, 0, 0, 0, 0, 0, 0, 0, 0, 0, 0, 0, 0]
6:1:148:!(scala.actors.Channel@b3bb,true):291:[7, 2, 10, 4, 12, 0, 26, 35, 0, 0, 0, 0, 0, 0, 0, 0, 0, 0, 0, 0]
1:7:149:Reg(1):292:[7, 4, 10, 4, 12, 0, 26, 35, 0, 0, 0, 0, 0, 0, 0, 0, 0, 0, 0, 0]
7:4:150:isProcessAlive(1):293:[7, 4, 10, 4, 12, 0, 26, 38, 0, 0, 0, 0, 0, 0, 0, 0, 0, 0, 0, 0]
4:7:151:!(scala.actors.Channel@bd22,false):294:[7, 4, 10, 4, 14, 0, 26, 38, 0, 0, 0, 0, 0, 0, 0, 0, 0, 0, 0, 0]
7:6:153:InsertNewBackward(1,samira.procreg.Monitor@bdc4):295:[7, 4, 10, 4, 14, 0, 26, 41, 0, 0, 0, 0, 0, 0, 0, 0, 0, 0, 0, 0]
6:7:154:!(scala.actors.Channel@bdc3,true):296:[7, 4, 10, 4, 14, 0, 28, 41, 0, 0, 0, 0, 0, 0, 0, 0, 0, 0, 0, 0]
7:7:152:Down(1):297:[7, 4, 10, 4, 14, 0, 26, 40, 0, 0, 0, 0, 0, 0, 0, 0, 0, 0, 0, 0]
7:6:155:GetMatch(1):298:[7, 4, 10, 4, 14, 0, 28, 44, 0, 0, 0, 0, 0, 0, 0, 0, 0, 0, 0, 0]
6:7:156:!(scala.actors.Channel@bdbd,Some(samira.procreg.Monitor@bdc4)):299:[7, 4, 10, 4, 14, 0, 30, 44, 0, 0, 0, 0, 0, 0, 0, 0, 0, 0, 0, 0]
7:6:157:DeleteEntry(1):300:[7, 4, 10, 4, 14, 0, 30, 46, 0, 0, 0, 0, 0, 0, 0, 0, 0, 0, 0, 0]
6:7:158:!(scala.actors.Channel@bdc3,()):301:[7, 4, 10, 4, 14, 0, 32, 46, 0, 0, 0, 0, 0, 0, 0, 0, 0, 0, 0, 0]
##BUG:NO_BUG:11:12sec:59
0:4:100:spawn(pName):0:[1, 0, 0, 0, 0, 0, 0, 0, 0, 0, 0, 0, 0, 0, 0, 0, 0, 0, 0, 0]
4:0:101:!(scala.actors.Channel@ba76,1):1:[1, 0, 0, 0, 2, 0, 0, 0, 0, 0, 0, 0, 0, 0, 0, 0, 0, 0, 0, 0]
0:4:102:kill(1):2:[3, 0, 0, 0, 2, 0, 0, 0, 0, 0, 0, 0, 0, 0, 0, 0, 0, 0, 0, 0]
4:0:103:!(scala.actors.Channel@b83f,()):3:[3, 0, 0, 0, 4, 0, 0, 0, 0, 0, 0, 0, 0, 0, 0, 0, 0, 0, 0, 0]
0:3:106:Register(pName,1):4:[7, 0, 0, 0, 4, 0, 0, 0, 0, 0, 0, 0, 0, 0, 0, 0, 0, 0, 0, 0]
3:6:107:InsertNewForward(pName,1):5:[7, 0, 0, 2, 4, 0, 0, 0, 0, 0, 0, 0, 0, 0, 0, 0, 0, 0, 0, 0]
6:3:108:!(scala.actors.Channel@bf0a,true):6:[7, 0, 0, 2, 4, 0, 2, 0, 0, 0, 0, 0, 0, 0, 0, 0, 0, 0, 0, 0]
3:7:109:Reg(1):7:[7, 0, 0, 4, 4, 0, 2, 0, 0, 0, 0, 0, 0, 0, 0, 0, 0, 0, 0, 0]
7:4:110:isProcessAlive(1):8:[7, 0, 0, 4, 4, 0, 2, 2, 0, 0, 0, 0, 0, 0, 0, 0, 0, 0, 0, 0]
4:7:111:!(scala.actors.Channel@bdc3,false):9:[7, 0, 0, 4, 6, 0, 2, 2, 0, 0, 0, 0, 0, 0, 0, 0, 0, 0, 0, 0]
7:6:113:InsertNewBackward(1,samira.procreg.Monitor@bdc4):10:[7, 0, 0, 4, 6, 0, 2, 5, 0, 0, 0, 0, 0, 0, 0, 0, 0, 0, 0, 0]
6:7:114:!(scala.actors.Channel@bdbd,true):11:[7, 0, 0, 4, 6, 0, 4, 5, 0, 0, 0, 0, 0, 0, 0, 0, 0, 0, 0, 0]
7:7:112:Down(1):12:[7, 0, 0, 4, 6, 0, 2, 4, 0, 0, 0, 0, 0, 0, 0, 0, 0, 0, 0, 0]
0:1:104:Register(pName,1):13:[5, 0, 0, 0, 4, 0, 0, 0, 0, 0, 0, 0, 0, 0, 0, 0, 0, 0, 0, 0]
7:6:115:GetMatch(1):302:[7, 0, 0, 4, 6, 0, 4, 8, 0, 0, 0, 0, 0, 0, 0, 0, 0, 0, 0, 0]
6:7:117:!(scala.actors.Channel@bd22,Some(samira.procreg.Monitor@bdc4)):303:[7, 0, 0, 4, 6, 0, 6, 8, 0, 0, 0, 0, 0, 0, 0, 0, 0, 0, 0, 0]
1:6:116:InsertNewForward(pName,1):304:[5, 2, 0, 0, 4, 0, 0, 0, 0, 0, 0, 0, 0, 0, 0, 0, 0, 0, 0, 0]
6:1:119:!(scala.actors.Channel@b3bb,false):305:[7, 2, 0, 4, 6, 0, 8, 8, 0, 0, 0, 0, 0, 0, 0, 0, 0, 0, 0, 0]
7:6:118:DeleteEntry(1):306:[7, 0, 0, 4, 6, 0, 6, 10, 0, 0, 0, 0, 0, 0, 0, 0, 0, 0, 0, 0]
6:7:121:!(scala.actors.Channel@bdbd,()):307:[7, 2, 0, 4, 6, 0, 10, 10, 0, 0, 0, 0, 0, 0, 0, 0, 0, 0, 0, 0]
1:7:120:Where(pName):308:[7, 4, 0, 4, 6, 0, 8, 8, 0, 0, 0, 0, 0, 0, 0, 0, 0, 0, 0, 0]
7:6:122:Lookup(pName):309:[7, 4, 0, 4, 6, 0, 10, 13, 0, 0, 0, 0, 0, 0, 0, 0, 0, 0, 0, 0]
6:7:123:!(scala.actors.Channel@bd22,-1):310:[7, 4, 0, 4, 6, 0, 12, 13, 0, 0, 0, 0, 0, 0, 0, 0, 0, 0, 0, 0]
7:4:124:isProcessAlive(-1):311:[7, 4, 0, 4, 6, 0, 12, 15, 0, 0, 0, 0, 0, 0, 0, 0, 0, 0, 0, 0]
4:7:125:!(scala.actors.Channel@bdbd,false):312:[7, 4, 0, 4, 8, 0, 12, 15, 0, 0, 0, 0, 0, 0, 0, 0, 0, 0, 0, 0]
7:1:126:!(scala.actors.Channel@8014,-1):313:[7, 4, 0, 4, 8, 0, 12, 17, 0, 0, 0, 0, 0, 0, 0, 0, 0, 0, 0, 0]
1:7:127:Audit(pName):314:[7, 6, 0, 4, 8, 0, 12, 17, 0, 0, 0, 0, 0, 0, 0, 0, 0, 0, 0, 0]
7:6:128:Lookup(pName):315:[7, 6, 0, 4, 8, 0, 12, 19, 0, 0, 0, 0, 0, 0, 0, 0, 0, 0, 0, 0]
6:7:129:!(scala.actors.Channel@bdc3,-1):316:[7, 6, 0, 4, 8, 0, 14, 19, 0, 0, 0, 0, 0, 0, 0, 0, 0, 0, 0, 0]
7:4:130:isProcessAlive(-1):317:[7, 6, 0, 4, 8, 0, 14, 21, 0, 0, 0, 0, 0, 0, 0, 0, 0, 0, 0, 0]
4:7:131:!(scala.actors.Channel@bd22,false):318:[7, 6, 0, 4, 10, 0, 14, 21, 0, 0, 0, 0, 0, 0, 0, 0, 0, 0, 0, 0]
7:6:132:DeleteEntry(-1):319:[7, 6, 0, 4, 10, 0, 14, 23, 0, 0, 0, 0, 0, 0, 0, 0, 0, 0, 0, 0]
6:7:133:!(scala.actors.Channel@bdbd,()):320:[7, 6, 0, 4, 10, 0, 16, 23, 0, 0, 0, 0, 0, 0, 0, 0, 0, 0, 0, 0]
7:1:134:!(scala.actors.Channel@b3bb,()):321:[7, 6, 0, 4, 10, 0, 16, 25, 0, 0, 0, 0, 0, 0, 0, 0, 0, 0, 0, 0]
1:6:135:InsertNewForward(pName,1):322:[7, 8, 0, 4, 10, 0, 16, 25, 0, 0, 0, 0, 0, 0, 0, 0, 0, 0, 0, 0]
6:1:136:!(scala.actors.Channel@8014,true):323:[7, 8, 0, 4, 10, 0, 18, 25, 0, 0, 0, 0, 0, 0, 0, 0, 0, 0, 0, 0]
1:7:137:Reg(1):324:[7, 10, 0, 4, 10, 0, 18, 25, 0, 0, 0, 0, 0, 0, 0, 0, 0, 0, 0, 0]
7:4:138:isProcessAlive(1):325:[7, 10, 0, 4, 10, 0, 18, 27, 0, 0, 0, 0, 0, 0, 0, 0, 0, 0, 0, 0]
4:7:139:!(scala.actors.Channel@bdc3,false):326:[7, 10, 0, 4, 12, 0, 18, 27, 0, 0, 0, 0, 0, 0, 0, 0, 0, 0, 0, 0]
7:6:141:InsertNewBackward(1,samira.procreg.Monitor@bdc4):327:[7, 10, 0, 4, 12, 0, 18, 30, 0, 0, 0, 0, 0, 0, 0, 0, 0, 0, 0, 0]
6:7:142:!(scala.actors.Channel@bdbd,true):328:[7, 10, 0, 4, 12, 0, 20, 30, 0, 0, 0, 0, 0, 0, 0, 0, 0, 0, 0, 0]
7:7:140:Down(1):329:[7, 10, 0, 4, 12, 0, 18, 29, 0, 0, 0, 0, 0, 0, 0, 0, 0, 0, 0, 0]
7:6:143:GetMatch(1):330:[7, 10, 0, 4, 12, 0, 20, 33, 0, 0, 0, 0, 0, 0, 0, 0, 0, 0, 0, 0]
6:7:144:!(scala.actors.Channel@bd22,Some(samira.procreg.Monitor@bdc4)):331:[7, 10, 0, 4, 12, 0, 22, 33, 0, 0, 0, 0, 0, 0, 0, 0, 0, 0, 0, 0]
7:6:145:DeleteEntry(1):332:[7, 10, 0, 4, 12, 0, 22, 35, 0, 0, 0, 0, 0, 0, 0, 0, 0, 0, 0, 0]
6:7:146:!(scala.actors.Channel@bdbd,()):333:[7, 10, 0, 4, 12, 0, 24, 35, 0, 0, 0, 0, 0, 0, 0, 0, 0, 0, 0, 0]
0:2:105:Register(pName,1):334:[6, 0, 0, 0, 4, 0, 0, 0, 0, 0, 0, 0, 0, 0, 0, 0, 0, 0, 0, 0]
2:6:147:InsertNewForward(pName,1):335:[6, 0, 2, 0, 4, 0, 0, 0, 0, 0, 0, 0, 0, 0, 0, 0, 0, 0, 0, 0]
6:2:148:!(scala.actors.Channel@bc45,true):336:[7, 10, 2, 4, 12, 0, 26, 35, 0, 0, 0, 0, 0, 0, 0, 0, 0, 0, 0, 0]
2:7:149:Reg(1):337:[7, 10, 4, 4, 12, 0, 26, 35, 0, 0, 0, 0, 0, 0, 0, 0, 0, 0, 0, 0]
7:4:150:isProcessAlive(1):338:[7, 10, 4, 4, 12, 0, 26, 38, 0, 0, 0, 0, 0, 0, 0, 0, 0, 0, 0, 0]
4:7:151:!(scala.actors.Channel@bd22,false):339:[7, 10, 4, 4, 14, 0, 26, 38, 0, 0, 0, 0, 0, 0, 0, 0, 0, 0, 0, 0]
7:6:153:InsertNewBackward(1,samira.procreg.Monitor@bdc4):340:[7, 10, 4, 4, 14, 0, 26, 41, 0, 0, 0, 0, 0, 0, 0, 0, 0, 0, 0, 0]
6:7:154:!(scala.actors.Channel@bdc3,true):341:[7, 10, 4, 4, 14, 0, 28, 41, 0, 0, 0, 0, 0, 0, 0, 0, 0, 0, 0, 0]
7:7:152:Down(1):342:[7, 10, 4, 4, 14, 0, 26, 40, 0, 0, 0, 0, 0, 0, 0, 0, 0, 0, 0, 0]
7:6:155:GetMatch(1):343:[7, 10, 4, 4, 14, 0, 28, 44, 0, 0, 0, 0, 0, 0, 0, 0, 0, 0, 0, 0]
6:7:156:!(scala.actors.Channel@bdbd,Some(samira.procreg.Monitor@bdc4)):344:[7, 10, 4, 4, 14, 0, 30, 44, 0, 0, 0, 0, 0, 0, 0, 0, 0, 0, 0, 0]
7:6:157:DeleteEntry(1):345:[7, 10, 4, 4, 14, 0, 30, 46, 0, 0, 0, 0, 0, 0, 0, 0, 0, 0, 0, 0]
6:7:158:!(scala.actors.Channel@bdc3,()):346:[7, 10, 4, 4, 14, 0, 32, 46, 0, 0, 0, 0, 0, 0, 0, 0, 0, 0, 0, 0]
##BUG:NO_BUG:12:14sec:59
0:4:100:spawn(pName):0:[1, 0, 0, 0, 0, 0, 0, 0, 0, 0, 0, 0, 0, 0, 0, 0, 0, 0, 0, 0]
4:0:101:!(scala.actors.Channel@ba76,1):1:[1, 0, 0, 0, 2, 0, 0, 0, 0, 0, 0, 0, 0, 0, 0, 0, 0, 0, 0, 0]
0:4:102:kill(1):2:[3, 0, 0, 0, 2, 0, 0, 0, 0, 0, 0, 0, 0, 0, 0, 0, 0, 0, 0, 0]
4:0:103:!(scala.actors.Channel@b83f,()):3:[3, 0, 0, 0, 4, 0, 0, 0, 0, 0, 0, 0, 0, 0, 0, 0, 0, 0, 0, 0]
0:3:106:Register(pName,1):4:[7, 0, 0, 0, 4, 0, 0, 0, 0, 0, 0, 0, 0, 0, 0, 0, 0, 0, 0, 0]
3:6:107:InsertNewForward(pName,1):5:[7, 0, 0, 2, 4, 0, 0, 0, 0, 0, 0, 0, 0, 0, 0, 0, 0, 0, 0, 0]
6:3:108:!(scala.actors.Channel@bf0a,true):6:[7, 0, 0, 2, 4, 0, 2, 0, 0, 0, 0, 0, 0, 0, 0, 0, 0, 0, 0, 0]
3:7:109:Reg(1):7:[7, 0, 0, 4, 4, 0, 2, 0, 0, 0, 0, 0, 0, 0, 0, 0, 0, 0, 0, 0]
7:4:110:isProcessAlive(1):8:[7, 0, 0, 4, 4, 0, 2, 2, 0, 0, 0, 0, 0, 0, 0, 0, 0, 0, 0, 0]
4:7:111:!(scala.actors.Channel@bdc3,false):9:[7, 0, 0, 4, 6, 0, 2, 2, 0, 0, 0, 0, 0, 0, 0, 0, 0, 0, 0, 0]
0:2:105:Register(pName,1):10:[6, 0, 0, 0, 4, 0, 0, 0, 0, 0, 0, 0, 0, 0, 0, 0, 0, 0, 0, 0]
7:6:113:InsertNewBackward(1,samira.procreg.Monitor@bdc4):347:[7, 0, 0, 4, 6, 0, 2, 5, 0, 0, 0, 0, 0, 0, 0, 0, 0, 0, 0, 0]
6:7:115:!(scala.actors.Channel@bdbd,true):348:[7, 0, 0, 4, 6, 0, 4, 5, 0, 0, 0, 0, 0, 0, 0, 0, 0, 0, 0, 0]
2:6:114:InsertNewForward(pName,1):349:[6, 0, 2, 0, 4, 0, 0, 0, 0, 0, 0, 0, 0, 0, 0, 0, 0, 0, 0, 0]
6:2:116:!(scala.actors.Channel@bc45,false):350:[7, 0, 2, 4, 6, 0, 6, 5, 0, 0, 0, 0, 0, 0, 0, 0, 0, 0, 0, 0]
7:7:112:Down(1):351:[7, 0, 0, 4, 6, 0, 2, 4, 0, 0, 0, 0, 0, 0, 0, 0, 0, 0, 0, 0]
7:6:118:GetMatch(1):352:[7, 0, 0, 4, 6, 0, 4, 8, 0, 0, 0, 0, 0, 0, 0, 0, 0, 0, 0, 0]
6:7:119:!(scala.actors.Channel@bd22,Some(samira.procreg.Monitor@bdc4)):353:[7, 0, 2, 4, 6, 0, 8, 8, 0, 0, 0, 0, 0, 0, 0, 0, 0, 0, 0, 0]
7:6:120:DeleteEntry(1):354:[7, 0, 2, 4, 6, 0, 8, 10, 0, 0, 0, 0, 0, 0, 0, 0, 0, 0, 0, 0]
6:7:121:!(scala.actors.Channel@bdbd,()):355:[7, 0, 2, 4, 6, 0, 10, 10, 0, 0, 0, 0, 0, 0, 0, 0, 0, 0, 0, 0]
2:7:117:Where(pName):356:[7, 0, 4, 4, 6, 0, 6, 5, 0, 0, 0, 0, 0, 0, 0, 0, 0, 0, 0, 0]
7:6:122:Lookup(pName):357:[7, 0, 4, 4, 6, 0, 10, 13, 0, 0, 0, 0, 0, 0, 0, 0, 0, 0, 0, 0]
6:7:123:!(scala.actors.Channel@bd22,-1):358:[7, 0, 4, 4, 6, 0, 12, 13, 0, 0, 0, 0, 0, 0, 0, 0, 0, 0, 0, 0]
7:4:124:isProcessAlive(-1):359:[7, 0, 4, 4, 6, 0, 12, 15, 0, 0, 0, 0, 0, 0, 0, 0, 0, 0, 0, 0]
4:7:125:!(scala.actors.Channel@bdbd,false):360:[7, 0, 4, 4, 8, 0, 12, 15, 0, 0, 0, 0, 0, 0, 0, 0, 0, 0, 0, 0]
7:2:126:!(scala.actors.Channel@872c,-1):361:[7, 0, 4, 4, 8, 0, 12, 17, 0, 0, 0, 0, 0, 0, 0, 0, 0, 0, 0, 0]
2:7:127:Audit(pName):362:[7, 0, 6, 4, 8, 0, 12, 17, 0, 0, 0, 0, 0, 0, 0, 0, 0, 0, 0, 0]
7:6:128:Lookup(pName):363:[7, 0, 6, 4, 8, 0, 12, 19, 0, 0, 0, 0, 0, 0, 0, 0, 0, 0, 0, 0]
6:7:129:!(scala.actors.Channel@bdc3,-1):364:[7, 0, 6, 4, 8, 0, 14, 19, 0, 0, 0, 0, 0, 0, 0, 0, 0, 0, 0, 0]
7:4:130:isProcessAlive(-1):365:[7, 0, 6, 4, 8, 0, 14, 21, 0, 0, 0, 0, 0, 0, 0, 0, 0, 0, 0, 0]
4:7:131:!(scala.actors.Channel@bd22,false):366:[7, 0, 6, 4, 10, 0, 14, 21, 0, 0, 0, 0, 0, 0, 0, 0, 0, 0, 0, 0]
7:6:132:DeleteEntry(-1):367:[7, 0, 6, 4, 10, 0, 14, 23, 0, 0, 0, 0, 0, 0, 0, 0, 0, 0, 0, 0]
6:7:133:!(scala.actors.Channel@bdbd,()):368:[7, 0, 6, 4, 10, 0, 16, 23, 0, 0, 0, 0, 0, 0, 0, 0, 0, 0, 0, 0]
7:2:134:!(scala.actors.Channel@bc45,()):369:[7, 0, 6, 4, 10, 0, 16, 25, 0, 0, 0, 0, 0, 0, 0, 0, 0, 0, 0, 0]
2:6:135:InsertNewForward(pName,1):370:[7, 0, 8, 4, 10, 0, 16, 25, 0, 0, 0, 0, 0, 0, 0, 0, 0, 0, 0, 0]
6:2:136:!(scala.actors.Channel@872c,true):371:[7, 0, 8, 4, 10, 0, 18, 25, 0, 0, 0, 0, 0, 0, 0, 0, 0, 0, 0, 0]
2:7:137:Reg(1):372:[7, 0, 10, 4, 10, 0, 18, 25, 0, 0, 0, 0, 0, 0, 0, 0, 0, 0, 0, 0]
7:4:138:isProcessAlive(1):373:[7, 0, 10, 4, 10, 0, 18, 27, 0, 0, 0, 0, 0, 0, 0, 0, 0, 0, 0, 0]
4:7:139:!(scala.actors.Channel@bdc3,false):374:[7, 0, 10, 4, 12, 0, 18, 27, 0, 0, 0, 0, 0, 0, 0, 0, 0, 0, 0, 0]
7:6:141:InsertNewBackward(1,samira.procreg.Monitor@bdc4):375:[7, 0, 10, 4, 12, 0, 18, 30, 0, 0, 0, 0, 0, 0, 0, 0, 0, 0, 0, 0]
6:7:142:!(scala.actors.Channel@bdbd,true):376:[7, 0, 10, 4, 12, 0, 20, 30, 0, 0, 0, 0, 0, 0, 0, 0, 0, 0, 0, 0]
7:7:140:Down(1):377:[7, 0, 10, 4, 12, 0, 18, 29, 0, 0, 0, 0, 0, 0, 0, 0, 0, 0, 0, 0]
7:6:143:GetMatch(1):378:[7, 0, 10, 4, 12, 0, 20, 33, 0, 0, 0, 0, 0, 0, 0, 0, 0, 0, 0, 0]
6:7:144:!(scala.actors.Channel@bd22,Some(samira.procreg.Monitor@bdc4)):379:[7, 0, 10, 4, 12, 0, 22, 33, 0, 0, 0, 0, 0, 0, 0, 0, 0, 0, 0, 0]
7:6:145:DeleteEntry(1):380:[7, 0, 10, 4, 12, 0, 22, 35, 0, 0, 0, 0, 0, 0, 0, 0, 0, 0, 0, 0]
6:7:146:!(scala.actors.Channel@bdbd,()):381:[7, 0, 10, 4, 12, 0, 24, 35, 0, 0, 0, 0, 0, 0, 0, 0, 0, 0, 0, 0]
0:1:104:Register(pName,1):382:[5, 0, 0, 0, 4, 0, 0, 0, 0, 0, 0, 0, 0, 0, 0, 0, 0, 0, 0, 0]
1:6:147:InsertNewForward(pName,1):383:[5, 2, 0, 0, 4, 0, 0, 0, 0, 0, 0, 0, 0, 0, 0, 0, 0, 0, 0, 0]
6:1:148:!(scala.actors.Channel@b3bb,true):384:[7, 2, 10, 4, 12, 0, 26, 35, 0, 0, 0, 0, 0, 0, 0, 0, 0, 0, 0, 0]
1:7:149:Reg(1):385:[7, 4, 10, 4, 12, 0, 26, 35, 0, 0, 0, 0, 0, 0, 0, 0, 0, 0, 0, 0]
7:4:150:isProcessAlive(1):386:[7, 4, 10, 4, 12, 0, 26, 38, 0, 0, 0, 0, 0, 0, 0, 0, 0, 0, 0, 0]
4:7:151:!(scala.actors.Channel@bd22,false):387:[7, 4, 10, 4, 14, 0, 26, 38, 0, 0, 0, 0, 0, 0, 0, 0, 0, 0, 0, 0]
7:6:153:InsertNewBackward(1,samira.procreg.Monitor@bdc4):388:[7, 4, 10, 4, 14, 0, 26, 41, 0, 0, 0, 0, 0, 0, 0, 0, 0, 0, 0, 0]
6:7:154:!(scala.actors.Channel@bdc3,true):389:[7, 4, 10, 4, 14, 0, 28, 41, 0, 0, 0, 0, 0, 0, 0, 0, 0, 0, 0, 0]
7:7:152:Down(1):390:[7, 4, 10, 4, 14, 0, 26, 40, 0, 0, 0, 0, 0, 0, 0, 0, 0, 0, 0, 0]
7:6:155:GetMatch(1):391:[7, 4, 10, 4, 14, 0, 28, 44, 0, 0, 0, 0, 0, 0, 0, 0, 0, 0, 0, 0]
6:7:156:!(scala.actors.Channel@bdbd,Some(samira.procreg.Monitor@bdc4)):392:[7, 4, 10, 4, 14, 0, 30, 44, 0, 0, 0, 0, 0, 0, 0, 0, 0, 0, 0, 0]
7:6:157:DeleteEntry(1):393:[7, 4, 10, 4, 14, 0, 30, 46, 0, 0, 0, 0, 0, 0, 0, 0, 0, 0, 0, 0]
6:7:158:!(scala.actors.Channel@bdc3,()):394:[7, 4, 10, 4, 14, 0, 32, 46, 0, 0, 0, 0, 0, 0, 0, 0, 0, 0, 0, 0]
##BUG:NO_BUG:13:15sec:59
0:4:100:spawn(pName):0:[1, 0, 0, 0, 0, 0, 0, 0, 0, 0, 0, 0, 0, 0, 0, 0, 0, 0, 0, 0]
4:0:101:!(scala.actors.Channel@ba76,1):1:[1, 0, 0, 0, 2, 0, 0, 0, 0, 0, 0, 0, 0, 0, 0, 0, 0, 0, 0, 0]
0:4:102:kill(1):2:[3, 0, 0, 0, 2, 0, 0, 0, 0, 0, 0, 0, 0, 0, 0, 0, 0, 0, 0, 0]
4:0:103:!(scala.actors.Channel@b83f,()):3:[3, 0, 0, 0, 4, 0, 0, 0, 0, 0, 0, 0, 0, 0, 0, 0, 0, 0, 0, 0]
0:3:106:Register(pName,1):4:[7, 0, 0, 0, 4, 0, 0, 0, 0, 0, 0, 0, 0, 0, 0, 0, 0, 0, 0, 0]
3:6:107:InsertNewForward(pName,1):5:[7, 0, 0, 2, 4, 0, 0, 0, 0, 0, 0, 0, 0, 0, 0, 0, 0, 0, 0, 0]
6:3:108:!(scala.actors.Channel@bf0a,true):6:[7, 0, 0, 2, 4, 0, 2, 0, 0, 0, 0, 0, 0, 0, 0, 0, 0, 0, 0, 0]
3:7:109:Reg(1):7:[7, 0, 0, 4, 4, 0, 2, 0, 0, 0, 0, 0, 0, 0, 0, 0, 0, 0, 0, 0]
7:4:110:isProcessAlive(1):8:[7, 0, 0, 4, 4, 0, 2, 2, 0, 0, 0, 0, 0, 0, 0, 0, 0, 0, 0, 0]
4:7:111:!(scala.actors.Channel@bdc3,false):9:[7, 0, 0, 4, 6, 0, 2, 2, 0, 0, 0, 0, 0, 0, 0, 0, 0, 0, 0, 0]
0:1:104:Register(pName,1):10:[5, 0, 0, 0, 4, 0, 0, 0, 0, 0, 0, 0, 0, 0, 0, 0, 0, 0, 0, 0]
7:6:113:InsertNewBackward(1,samira.procreg.Monitor@bdc4):395:[7, 0, 0, 4, 6, 0, 2, 5, 0, 0, 0, 0, 0, 0, 0, 0, 0, 0, 0, 0]
6:7:115:!(scala.actors.Channel@bdbd,true):396:[7, 0, 0, 4, 6, 0, 4, 5, 0, 0, 0, 0, 0, 0, 0, 0, 0, 0, 0, 0]
1:6:114:InsertNewForward(pName,1):397:[5, 2, 0, 0, 4, 0, 0, 0, 0, 0, 0, 0, 0, 0, 0, 0, 0, 0, 0, 0]
6:1:116:!(scala.actors.Channel@b3bb,false):398:[7, 2, 0, 4, 6, 0, 6, 5, 0, 0, 0, 0, 0, 0, 0, 0, 0, 0, 0, 0]
7:7:112:Down(1):399:[7, 0, 0, 4, 6, 0, 2, 4, 0, 0, 0, 0, 0, 0, 0, 0, 0, 0, 0, 0]
7:6:118:GetMatch(1):400:[7, 0, 0, 4, 6, 0, 4, 8, 0, 0, 0, 0, 0, 0, 0, 0, 0, 0, 0, 0]
6:7:119:!(scala.actors.Channel@bd22,Some(samira.procreg.Monitor@bdc4)):401:[7, 2, 0, 4, 6, 0, 8, 8, 0, 0, 0, 0, 0, 0, 0, 0, 0, 0, 0, 0]
7:6:120:DeleteEntry(1):402:[7, 2, 0, 4, 6, 0, 8, 10, 0, 0, 0, 0, 0, 0, 0, 0, 0, 0, 0, 0]
6:7:121:!(scala.actors.Channel@bdbd,()):403:[7, 2, 0, 4, 6, 0, 10, 10, 0, 0, 0, 0, 0, 0, 0, 0, 0, 0, 0, 0]
1:7:117:Where(pName):404:[7, 4, 0, 4, 6, 0, 6, 5, 0, 0, 0, 0, 0, 0, 0, 0, 0, 0, 0, 0]
7:6:122:Lookup(pName):405:[7, 4, 0, 4, 6, 0, 10, 13, 0, 0, 0, 0, 0, 0, 0, 0, 0, 0, 0, 0]
6:7:123:!(scala.actors.Channel@bd22,-1):406:[7, 4, 0, 4, 6, 0, 12, 13, 0, 0, 0, 0, 0, 0, 0, 0, 0, 0, 0, 0]
7:4:124:isProcessAlive(-1):407:[7, 4, 0, 4, 6, 0, 12, 15, 0, 0, 0, 0, 0, 0, 0, 0, 0, 0, 0, 0]
4:7:125:!(scala.actors.Channel@bdbd,false):408:[7, 4, 0, 4, 8, 0, 12, 15, 0, 0, 0, 0, 0, 0, 0, 0, 0, 0, 0, 0]
7:1:126:!(scala.actors.Channel@8014,-1):409:[7, 4, 0, 4, 8, 0, 12, 17, 0, 0, 0, 0, 0, 0, 0, 0, 0, 0, 0, 0]
1:7:127:Audit(pName):410:[7, 6, 0, 4, 8, 0, 12, 17, 0, 0, 0, 0, 0, 0, 0, 0, 0, 0, 0, 0]
7:6:128:Lookup(pName):411:[7, 6, 0, 4, 8, 0, 12, 19, 0, 0, 0, 0, 0, 0, 0, 0, 0, 0, 0, 0]
6:7:129:!(scala.actors.Channel@bdc3,-1):412:[7, 6, 0, 4, 8, 0, 14, 19, 0, 0, 0, 0, 0, 0, 0, 0, 0, 0, 0, 0]
7:4:130:isProcessAlive(-1):413:[7, 6, 0, 4, 8, 0, 14, 21, 0, 0, 0, 0, 0, 0, 0, 0, 0, 0, 0, 0]
4:7:131:!(scala.actors.Channel@bd22,false):414:[7, 6, 0, 4, 10, 0, 14, 21, 0, 0, 0, 0, 0, 0, 0, 0, 0, 0, 0, 0]
7:6:132:DeleteEntry(-1):415:[7, 6, 0, 4, 10, 0, 14, 23, 0, 0, 0, 0, 0, 0, 0, 0, 0, 0, 0, 0]
6:7:133:!(scala.actors.Channel@bdbd,()):416:[7, 6, 0, 4, 10, 0, 16, 23, 0, 0, 0, 0, 0, 0, 0, 0, 0, 0, 0, 0]
7:1:134:!(scala.actors.Channel@b3bb,()):417:[7, 6, 0, 4, 10, 0, 16, 25, 0, 0, 0, 0, 0, 0, 0, 0, 0, 0, 0, 0]
1:6:135:InsertNewForward(pName,1):418:[7, 8, 0, 4, 10, 0, 16, 25, 0, 0, 0, 0, 0, 0, 0, 0, 0, 0, 0, 0]
6:1:136:!(scala.actors.Channel@8014,true):419:[7, 8, 0, 4, 10, 0, 18, 25, 0, 0, 0, 0, 0, 0, 0, 0, 0, 0, 0, 0]
1:7:137:Reg(1):420:[7, 10, 0, 4, 10, 0, 18, 25, 0, 0, 0, 0, 0, 0, 0, 0, 0, 0, 0, 0]
7:4:138:isProcessAlive(1):421:[7, 10, 0, 4, 10, 0, 18, 27, 0, 0, 0, 0, 0, 0, 0, 0, 0, 0, 0, 0]
4:7:139:!(scala.actors.Channel@bdc3,false):422:[7, 10, 0, 4, 12, 0, 18, 27, 0, 0, 0, 0, 0, 0, 0, 0, 0, 0, 0, 0]
7:6:141:InsertNewBackward(1,samira.procreg.Monitor@bdc4):423:[7, 10, 0, 4, 12, 0, 18, 30, 0, 0, 0, 0, 0, 0, 0, 0, 0, 0, 0, 0]
6:7:142:!(scala.actors.Channel@bdbd,true):424:[7, 10, 0, 4, 12, 0, 20, 30, 0, 0, 0, 0, 0, 0, 0, 0, 0, 0, 0, 0]
7:7:140:Down(1):425:[7, 10, 0, 4, 12, 0, 18, 29, 0, 0, 0, 0, 0, 0, 0, 0, 0, 0, 0, 0]
7:6:143:GetMatch(1):426:[7, 10, 0, 4, 12, 0, 20, 33, 0, 0, 0, 0, 0, 0, 0, 0, 0, 0, 0, 0]
6:7:144:!(scala.actors.Channel@bd22,Some(samira.procreg.Monitor@bdc4)):427:[7, 10, 0, 4, 12, 0, 22, 33, 0, 0, 0, 0, 0, 0, 0, 0, 0, 0, 0, 0]
7:6:145:DeleteEntry(1):428:[7, 10, 0, 4, 12, 0, 22, 35, 0, 0, 0, 0, 0, 0, 0, 0, 0, 0, 0, 0]
6:7:146:!(scala.actors.Channel@bdbd,()):429:[7, 10, 0, 4, 12, 0, 24, 35, 0, 0, 0, 0, 0, 0, 0, 0, 0, 0, 0, 0]
0:2:105:Register(pName,1):430:[6, 0, 0, 0, 4, 0, 0, 0, 0, 0, 0, 0, 0, 0, 0, 0, 0, 0, 0, 0]
2:6:147:InsertNewForward(pName,1):431:[6, 0, 2, 0, 4, 0, 0, 0, 0, 0, 0, 0, 0, 0, 0, 0, 0, 0, 0, 0]
6:2:148:!(scala.actors.Channel@bc45,true):432:[7, 10, 2, 4, 12, 0, 26, 35, 0, 0, 0, 0, 0, 0, 0, 0, 0, 0, 0, 0]
2:7:149:Reg(1):433:[7, 10, 4, 4, 12, 0, 26, 35, 0, 0, 0, 0, 0, 0, 0, 0, 0, 0, 0, 0]
7:4:150:isProcessAlive(1):434:[7, 10, 4, 4, 12, 0, 26, 38, 0, 0, 0, 0, 0, 0, 0, 0, 0, 0, 0, 0]
4:7:151:!(scala.actors.Channel@bd22,false):435:[7, 10, 4, 4, 14, 0, 26, 38, 0, 0, 0, 0, 0, 0, 0, 0, 0, 0, 0, 0]
7:6:153:InsertNewBackward(1,samira.procreg.Monitor@bdc4):436:[7, 10, 4, 4, 14, 0, 26, 41, 0, 0, 0, 0, 0, 0, 0, 0, 0, 0, 0, 0]
6:7:154:!(scala.actors.Channel@bdc3,true):437:[7, 10, 4, 4, 14, 0, 28, 41, 0, 0, 0, 0, 0, 0, 0, 0, 0, 0, 0, 0]
7:7:152:Down(1):438:[7, 10, 4, 4, 14, 0, 26, 40, 0, 0, 0, 0, 0, 0, 0, 0, 0, 0, 0, 0]
7:6:155:GetMatch(1):439:[7, 10, 4, 4, 14, 0, 28, 44, 0, 0, 0, 0, 0, 0, 0, 0, 0, 0, 0, 0]
6:7:156:!(scala.actors.Channel@bdbd,Some(samira.procreg.Monitor@bdc4)):440:[7, 10, 4, 4, 14, 0, 30, 44, 0, 0, 0, 0, 0, 0, 0, 0, 0, 0, 0, 0]
7:6:157:DeleteEntry(1):441:[7, 10, 4, 4, 14, 0, 30, 46, 0, 0, 0, 0, 0, 0, 0, 0, 0, 0, 0, 0]
6:7:158:!(scala.actors.Channel@bdc3,()):442:[7, 10, 4, 4, 14, 0, 32, 46, 0, 0, 0, 0, 0, 0, 0, 0, 0, 0, 0, 0]
##BUG:NO_BUG:14:17sec:59
0:4:100:spawn(pName):0:[1, 0, 0, 0, 0, 0, 0, 0, 0, 0, 0, 0, 0, 0, 0, 0, 0, 0, 0, 0]
4:0:101:!(scala.actors.Channel@ba76,1):1:[1, 0, 0, 0, 2, 0, 0, 0, 0, 0, 0, 0, 0, 0, 0, 0, 0, 0, 0, 0]
0:4:102:kill(1):2:[3, 0, 0, 0, 2, 0, 0, 0, 0, 0, 0, 0, 0, 0, 0, 0, 0, 0, 0, 0]
4:0:103:!(scala.actors.Channel@b83f,()):3:[3, 0, 0, 0, 4, 0, 0, 0, 0, 0, 0, 0, 0, 0, 0, 0, 0, 0, 0, 0]
0:3:106:Register(pName,1):4:[7, 0, 0, 0, 4, 0, 0, 0, 0, 0, 0, 0, 0, 0, 0, 0, 0, 0, 0, 0]
0:2:105:Register(pName,1):5:[6, 0, 0, 0, 4, 0, 0, 0, 0, 0, 0, 0, 0, 0, 0, 0, 0, 0, 0, 0]
3:6:107:InsertNewForward(pName,1):443:[7, 0, 0, 2, 4, 0, 0, 0, 0, 0, 0, 0, 0, 0, 0, 0, 0, 0, 0, 0]
6:3:109:!(scala.actors.Channel@bf0a,true):444:[7, 0, 0, 2, 4, 0, 2, 0, 0, 0, 0, 0, 0, 0, 0, 0, 0, 0, 0, 0]
3:7:110:Reg(1):445:[7, 0, 0, 4, 4, 0, 2, 0, 0, 0, 0, 0, 0, 0, 0, 0, 0, 0, 0, 0]
7:4:111:isProcessAlive(1):446:[7, 0, 0, 4, 4, 0, 2, 2, 0, 0, 0, 0, 0, 0, 0, 0, 0, 0, 0, 0]
4:7:112:!(scala.actors.Channel@bdc3,false):447:[7, 0, 0, 4, 6, 0, 2, 2, 0, 0, 0, 0, 0, 0, 0, 0, 0, 0, 0, 0]
2:6:108:InsertNewForward(pName,1):448:[6, 0, 2, 0, 4, 0, 0, 0, 0, 0, 0, 0, 0, 0, 0, 0, 0, 0, 0, 0]
6:2:115:!(scala.actors.Channel@bc45,false):449:[7, 0, 2, 2, 4, 0, 4, 0, 0, 0, 0, 0, 0, 0, 0, 0, 0, 0, 0, 0]
7:6:114:InsertNewBackward(1,samira.procreg.Monitor@bdc4):450:[7, 0, 0, 4, 6, 0, 2, 5, 0, 0, 0, 0, 0, 0, 0, 0, 0, 0, 0, 0]
6:7:117:!(scala.actors.Channel@bdbd,true):451:[7, 0, 2, 4, 6, 0, 6, 5, 0, 0, 0, 0, 0, 0, 0, 0, 0, 0, 0, 0]
7:7:113:Down(1):452:[7, 0, 0, 4, 6, 0, 2, 4, 0, 0, 0, 0, 0, 0, 0, 0, 0, 0, 0, 0]
7:6:118:GetMatch(1):453:[7, 0, 2, 4, 6, 0, 6, 8, 0, 0, 0, 0, 0, 0, 0, 0, 0, 0, 0, 0]
6:7:119:!(scala.actors.Channel@bd22,Some(samira.procreg.Monitor@bdc4)):454:[7, 0, 2, 4, 6, 0, 8, 8, 0, 0, 0, 0, 0, 0, 0, 0, 0, 0, 0, 0]
7:6:120:DeleteEntry(1):455:[7, 0, 2, 4, 6, 0, 8, 10, 0, 0, 0, 0, 0, 0, 0, 0, 0, 0, 0, 0]
6:7:121:!(scala.actors.Channel@bdbd,()):456:[7, 0, 2, 4, 6, 0, 10, 10, 0, 0, 0, 0, 0, 0, 0, 0, 0, 0, 0, 0]
2:7:116:Where(pName):457:[7, 0, 4, 2, 4, 0, 4, 0, 0, 0, 0, 0, 0, 0, 0, 0, 0, 0, 0, 0]
7:6:122:Lookup(pName):458:[7, 0, 4, 4, 6, 0, 10, 13, 0, 0, 0, 0, 0, 0, 0, 0, 0, 0, 0, 0]
6:7:123:!(scala.actors.Channel@bd22,-1):459:[7, 0, 4, 4, 6, 0, 12, 13, 0, 0, 0, 0, 0, 0, 0, 0, 0, 0, 0, 0]
7:4:124:isProcessAlive(-1):460:[7, 0, 4, 4, 6, 0, 12, 15, 0, 0, 0, 0, 0, 0, 0, 0, 0, 0, 0, 0]
4:7:125:!(scala.actors.Channel@bdbd,false):461:[7, 0, 4, 4, 8, 0, 12, 15, 0, 0, 0, 0, 0, 0, 0, 0, 0, 0, 0, 0]
7:2:126:!(scala.actors.Channel@872c,-1):462:[7, 0, 4, 4, 8, 0, 12, 17, 0, 0, 0, 0, 0, 0, 0, 0, 0, 0, 0, 0]
2:7:127:Audit(pName):463:[7, 0, 6, 4, 8, 0, 12, 17, 0, 0, 0, 0, 0, 0, 0, 0, 0, 0, 0, 0]
7:6:128:Lookup(pName):464:[7, 0, 6, 4, 8, 0, 12, 19, 0, 0, 0, 0, 0, 0, 0, 0, 0, 0, 0, 0]
6:7:129:!(scala.actors.Channel@bdc3,-1):465:[7, 0, 6, 4, 8, 0, 14, 19, 0, 0, 0, 0, 0, 0, 0, 0, 0, 0, 0, 0]
7:4:130:isProcessAlive(-1):466:[7, 0, 6, 4, 8, 0, 14, 21, 0, 0, 0, 0, 0, 0, 0, 0, 0, 0, 0, 0]
4:7:131:!(scala.actors.Channel@bd22,false):467:[7, 0, 6, 4, 10, 0, 14, 21, 0, 0, 0, 0, 0, 0, 0, 0, 0, 0, 0, 0]
7:6:132:DeleteEntry(-1):468:[7, 0, 6, 4, 10, 0, 14, 23, 0, 0, 0, 0, 0, 0, 0, 0, 0, 0, 0, 0]
6:7:133:!(scala.actors.Channel@bdbd,()):469:[7, 0, 6, 4, 10, 0, 16, 23, 0, 0, 0, 0, 0, 0, 0, 0, 0, 0, 0, 0]
7:2:134:!(scala.actors.Channel@bc45,()):470:[7, 0, 6, 4, 10, 0, 16, 25, 0, 0, 0, 0, 0, 0, 0, 0, 0, 0, 0, 0]
2:6:135:InsertNewForward(pName,1):471:[7, 0, 8, 4, 10, 0, 16, 25, 0, 0, 0, 0, 0, 0, 0, 0, 0, 0, 0, 0]
6:2:136:!(scala.actors.Channel@872c,true):472:[7, 0, 8, 4, 10, 0, 18, 25, 0, 0, 0, 0, 0, 0, 0, 0, 0, 0, 0, 0]
2:7:137:Reg(1):473:[7, 0, 10, 4, 10, 0, 18, 25, 0, 0, 0, 0, 0, 0, 0, 0, 0, 0, 0, 0]
7:4:138:isProcessAlive(1):474:[7, 0, 10, 4, 10, 0, 18, 27, 0, 0, 0, 0, 0, 0, 0, 0, 0, 0, 0, 0]
4:7:139:!(scala.actors.Channel@bdc3,false):475:[7, 0, 10, 4, 12, 0, 18, 27, 0, 0, 0, 0, 0, 0, 0, 0, 0, 0, 0, 0]
7:6:141:InsertNewBackward(1,samira.procreg.Monitor@bdc4):476:[7, 0, 10, 4, 12, 0, 18, 30, 0, 0, 0, 0, 0, 0, 0, 0, 0, 0, 0, 0]
6:7:142:!(scala.actors.Channel@bdbd,true):477:[7, 0, 10, 4, 12, 0, 20, 30, 0, 0, 0, 0, 0, 0, 0, 0, 0, 0, 0, 0]
7:7:140:Down(1):478:[7, 0, 10, 4, 12, 0, 18, 29, 0, 0, 0, 0, 0, 0, 0, 0, 0, 0, 0, 0]
7:6:143:GetMatch(1):479:[7, 0, 10, 4, 12, 0, 20, 33, 0, 0, 0, 0, 0, 0, 0, 0, 0, 0, 0, 0]
6:7:144:!(scala.actors.Channel@bd22,Some(samira.procreg.Monitor@bdc4)):480:[7, 0, 10, 4, 12, 0, 22, 33, 0, 0, 0, 0, 0, 0, 0, 0, 0, 0, 0, 0]
7:6:145:DeleteEntry(1):481:[7, 0, 10, 4, 12, 0, 22, 35, 0, 0, 0, 0, 0, 0, 0, 0, 0, 0, 0, 0]
6:7:146:!(scala.actors.Channel@bdbd,()):482:[7, 0, 10, 4, 12, 0, 24, 35, 0, 0, 0, 0, 0, 0, 0, 0, 0, 0, 0, 0]
0:1:104:Register(pName,1):483:[5, 0, 0, 0, 4, 0, 0, 0, 0, 0, 0, 0, 0, 0, 0, 0, 0, 0, 0, 0]
1:6:147:InsertNewForward(pName,1):484:[5, 2, 0, 0, 4, 0, 0, 0, 0, 0, 0, 0, 0, 0, 0, 0, 0, 0, 0, 0]
6:1:148:!(scala.actors.Channel@b3bb,true):485:[7, 2, 10, 4, 12, 0, 26, 35, 0, 0, 0, 0, 0, 0, 0, 0, 0, 0, 0, 0]
1:7:149:Reg(1):486:[7, 4, 10, 4, 12, 0, 26, 35, 0, 0, 0, 0, 0, 0, 0, 0, 0, 0, 0, 0]
7:4:150:isProcessAlive(1):487:[7, 4, 10, 4, 12, 0, 26, 38, 0, 0, 0, 0, 0, 0, 0, 0, 0, 0, 0, 0]
4:7:151:!(scala.actors.Channel@bd22,false):488:[7, 4, 10, 4, 14, 0, 26, 38, 0, 0, 0, 0, 0, 0, 0, 0, 0, 0, 0, 0]
7:6:153:InsertNewBackward(1,samira.procreg.Monitor@bdc4):489:[7, 4, 10, 4, 14, 0, 26, 41, 0, 0, 0, 0, 0, 0, 0, 0, 0, 0, 0, 0]
6:7:154:!(scala.actors.Channel@bdc3,true):490:[7, 4, 10, 4, 14, 0, 28, 41, 0, 0, 0, 0, 0, 0, 0, 0, 0, 0, 0, 0]
7:7:152:Down(1):491:[7, 4, 10, 4, 14, 0, 26, 40, 0, 0, 0, 0, 0, 0, 0, 0, 0, 0, 0, 0]
7:6:155:GetMatch(1):492:[7, 4, 10, 4, 14, 0, 28, 44, 0, 0, 0, 0, 0, 0, 0, 0, 0, 0, 0, 0]
6:7:156:!(scala.actors.Channel@bdbd,Some(samira.procreg.Monitor@bdc4)):493:[7, 4, 10, 4, 14, 0, 30, 44, 0, 0, 0, 0, 0, 0, 0, 0, 0, 0, 0, 0]
7:6:157:DeleteEntry(1):494:[7, 4, 10, 4, 14, 0, 30, 46, 0, 0, 0, 0, 0, 0, 0, 0, 0, 0, 0, 0]
6:7:158:!(scala.actors.Channel@bdc3,()):495:[7, 4, 10, 4, 14, 0, 32, 46, 0, 0, 0, 0, 0, 0, 0, 0, 0, 0, 0, 0]
##BUG:NO_BUG:15:18sec:59
0:4:100:spawn(pName):0:[1, 0, 0, 0, 0, 0, 0, 0, 0, 0, 0, 0, 0, 0, 0, 0, 0, 0, 0, 0]
4:0:101:!(scala.actors.Channel@ba76,1):1:[1, 0, 0, 0, 2, 0, 0, 0, 0, 0, 0, 0, 0, 0, 0, 0, 0, 0, 0, 0]
0:4:102:kill(1):2:[3, 0, 0, 0, 2, 0, 0, 0, 0, 0, 0, 0, 0, 0, 0, 0, 0, 0, 0, 0]
4:0:103:!(scala.actors.Channel@b83f,()):3:[3, 0, 0, 0, 4, 0, 0, 0, 0, 0, 0, 0, 0, 0, 0, 0, 0, 0, 0, 0]
0:3:106:Register(pName,1):4:[7, 0, 0, 0, 4, 0, 0, 0, 0, 0, 0, 0, 0, 0, 0, 0, 0, 0, 0, 0]
0:1:104:Register(pName,1):5:[5, 0, 0, 0, 4, 0, 0, 0, 0, 0, 0, 0, 0, 0, 0, 0, 0, 0, 0, 0]
3:6:107:InsertNewForward(pName,1):496:[7, 0, 0, 2, 4, 0, 0, 0, 0, 0, 0, 0, 0, 0, 0, 0, 0, 0, 0, 0]
6:3:109:!(scala.actors.Channel@bf0a,true):497:[7, 0, 0, 2, 4, 0, 2, 0, 0, 0, 0, 0, 0, 0, 0, 0, 0, 0, 0, 0]
3:7:110:Reg(1):498:[7, 0, 0, 4, 4, 0, 2, 0, 0, 0, 0, 0, 0, 0, 0, 0, 0, 0, 0, 0]
7:4:111:isProcessAlive(1):499:[7, 0, 0, 4, 4, 0, 2, 2, 0, 0, 0, 0, 0, 0, 0, 0, 0, 0, 0, 0]
4:7:112:!(scala.actors.Channel@bdc3,false):500:[7, 0, 0, 4, 6, 0, 2, 2, 0, 0, 0, 0, 0, 0, 0, 0, 0, 0, 0, 0]
1:6:108:InsertNewForward(pName,1):501:[5, 2, 0, 0, 4, 0, 0, 0, 0, 0, 0, 0, 0, 0, 0, 0, 0, 0, 0, 0]
6:1:115:!(scala.actors.Channel@b3bb,false):502:[7, 2, 0, 2, 4, 0, 4, 0, 0, 0, 0, 0, 0, 0, 0, 0, 0, 0, 0, 0]
7:6:114:InsertNewBackward(1,samira.procreg.Monitor@bdc4):503:[7, 0, 0, 4, 6, 0, 2, 5, 0, 0, 0, 0, 0, 0, 0, 0, 0, 0, 0, 0]
6:7:117:!(scala.actors.Channel@bdbd,true):504:[7, 2, 0, 4, 6, 0, 6, 5, 0, 0, 0, 0, 0, 0, 0, 0, 0, 0, 0, 0]
7:7:113:Down(1):505:[7, 0, 0, 4, 6, 0, 2, 4, 0, 0, 0, 0, 0, 0, 0, 0, 0, 0, 0, 0]
7:6:118:GetMatch(1):506:[7, 2, 0, 4, 6, 0, 6, 8, 0, 0, 0, 0, 0, 0, 0, 0, 0, 0, 0, 0]
6:7:119:!(scala.actors.Channel@bd22,Some(samira.procreg.Monitor@bdc4)):507:[7, 2, 0, 4, 6, 0, 8, 8, 0, 0, 0, 0, 0, 0, 0, 0, 0, 0, 0, 0]
7:6:120:DeleteEntry(1):508:[7, 2, 0, 4, 6, 0, 8, 10, 0, 0, 0, 0, 0, 0, 0, 0, 0, 0, 0, 0]
6:7:121:!(scala.actors.Channel@bdbd,()):509:[7, 2, 0, 4, 6, 0, 10, 10, 0, 0, 0, 0, 0, 0, 0, 0, 0, 0, 0, 0]
1:7:116:Where(pName):510:[7, 4, 0, 2, 4, 0, 4, 0, 0, 0, 0, 0, 0, 0, 0, 0, 0, 0, 0, 0]
7:6:122:Lookup(pName):511:[7, 4, 0, 4, 6, 0, 10, 13, 0, 0, 0, 0, 0, 0, 0, 0, 0, 0, 0, 0]
6:7:123:!(scala.actors.Channel@bd22,-1):512:[7, 4, 0, 4, 6, 0, 12, 13, 0, 0, 0, 0, 0, 0, 0, 0, 0, 0, 0, 0]
7:4:124:isProcessAlive(-1):513:[7, 4, 0, 4, 6, 0, 12, 15, 0, 0, 0, 0, 0, 0, 0, 0, 0, 0, 0, 0]
4:7:125:!(scala.actors.Channel@bdbd,false):514:[7, 4, 0, 4, 8, 0, 12, 15, 0, 0, 0, 0, 0, 0, 0, 0, 0, 0, 0, 0]
7:1:126:!(scala.actors.Channel@8014,-1):515:[7, 4, 0, 4, 8, 0, 12, 17, 0, 0, 0, 0, 0, 0, 0, 0, 0, 0, 0, 0]
1:7:127:Audit(pName):516:[7, 6, 0, 4, 8, 0, 12, 17, 0, 0, 0, 0, 0, 0, 0, 0, 0, 0, 0, 0]
7:6:128:Lookup(pName):517:[7, 6, 0, 4, 8, 0, 12, 19, 0, 0, 0, 0, 0, 0, 0, 0, 0, 0, 0, 0]
6:7:129:!(scala.actors.Channel@bdc3,-1):518:[7, 6, 0, 4, 8, 0, 14, 19, 0, 0, 0, 0, 0, 0, 0, 0, 0, 0, 0, 0]
7:4:130:isProcessAlive(-1):519:[7, 6, 0, 4, 8, 0, 14, 21, 0, 0, 0, 0, 0, 0, 0, 0, 0, 0, 0, 0]
4:7:131:!(scala.actors.Channel@bd22,false):520:[7, 6, 0, 4, 10, 0, 14, 21, 0, 0, 0, 0, 0, 0, 0, 0, 0, 0, 0, 0]
7:6:132:DeleteEntry(-1):521:[7, 6, 0, 4, 10, 0, 14, 23, 0, 0, 0, 0, 0, 0, 0, 0, 0, 0, 0, 0]
6:7:133:!(scala.actors.Channel@bdbd,()):522:[7, 6, 0, 4, 10, 0, 16, 23, 0, 0, 0, 0, 0, 0, 0, 0, 0, 0, 0, 0]
7:1:134:!(scala.actors.Channel@b3bb,()):523:[7, 6, 0, 4, 10, 0, 16, 25, 0, 0, 0, 0, 0, 0, 0, 0, 0, 0, 0, 0]
1:6:135:InsertNewForward(pName,1):524:[7, 8, 0, 4, 10, 0, 16, 25, 0, 0, 0, 0, 0, 0, 0, 0, 0, 0, 0, 0]
6:1:136:!(scala.actors.Channel@8014,true):525:[7, 8, 0, 4, 10, 0, 18, 25, 0, 0, 0, 0, 0, 0, 0, 0, 0, 0, 0, 0]
1:7:137:Reg(1):526:[7, 10, 0, 4, 10, 0, 18, 25, 0, 0, 0, 0, 0, 0, 0, 0, 0, 0, 0, 0]
7:4:138:isProcessAlive(1):527:[7, 10, 0, 4, 10, 0, 18, 27, 0, 0, 0, 0, 0, 0, 0, 0, 0, 0, 0, 0]
4:7:139:!(scala.actors.Channel@bdc3,false):528:[7, 10, 0, 4, 12, 0, 18, 27, 0, 0, 0, 0, 0, 0, 0, 0, 0, 0, 0, 0]
7:6:141:InsertNewBackward(1,samira.procreg.Monitor@bdc4):529:[7, 10, 0, 4, 12, 0, 18, 30, 0, 0, 0, 0, 0, 0, 0, 0, 0, 0, 0, 0]
6:7:142:!(scala.actors.Channel@bdbd,true):530:[7, 10, 0, 4, 12, 0, 20, 30, 0, 0, 0, 0, 0, 0, 0, 0, 0, 0, 0, 0]
7:7:140:Down(1):531:[7, 10, 0, 4, 12, 0, 18, 29, 0, 0, 0, 0, 0, 0, 0, 0, 0, 0, 0, 0]
7:6:143:GetMatch(1):532:[7, 10, 0, 4, 12, 0, 20, 33, 0, 0, 0, 0, 0, 0, 0, 0, 0, 0, 0, 0]
6:7:144:!(scala.actors.Channel@bd22,Some(samira.procreg.Monitor@bdc4)):533:[7, 10, 0, 4, 12, 0, 22, 33, 0, 0, 0, 0, 0, 0, 0, 0, 0, 0, 0, 0]
7:6:145:DeleteEntry(1):534:[7, 10, 0, 4, 12, 0, 22, 35, 0, 0, 0, 0, 0, 0, 0, 0, 0, 0, 0, 0]
6:7:146:!(scala.actors.Channel@bdbd,()):535:[7, 10, 0, 4, 12, 0, 24, 35, 0, 0, 0, 0, 0, 0, 0, 0, 0, 0, 0, 0]
0:2:105:Register(pName,1):536:[6, 0, 0, 0, 4, 0, 0, 0, 0, 0, 0, 0, 0, 0, 0, 0, 0, 0, 0, 0]
2:6:147:InsertNewForward(pName,1):537:[6, 0, 2, 0, 4, 0, 0, 0, 0, 0, 0, 0, 0, 0, 0, 0, 0, 0, 0, 0]
6:2:148:!(scala.actors.Channel@bc45,true):538:[7, 10, 2, 4, 12, 0, 26, 35, 0, 0, 0, 0, 0, 0, 0, 0, 0, 0, 0, 0]
2:7:149:Reg(1):539:[7, 10, 4, 4, 12, 0, 26, 35, 0, 0, 0, 0, 0, 0, 0, 0, 0, 0, 0, 0]
7:4:150:isProcessAlive(1):540:[7, 10, 4, 4, 12, 0, 26, 38, 0, 0, 0, 0, 0, 0, 0, 0, 0, 0, 0, 0]
4:7:151:!(scala.actors.Channel@bd22,false):541:[7, 10, 4, 4, 14, 0, 26, 38, 0, 0, 0, 0, 0, 0, 0, 0, 0, 0, 0, 0]
7:6:153:InsertNewBackward(1,samira.procreg.Monitor@bdc4):542:[7, 10, 4, 4, 14, 0, 26, 41, 0, 0, 0, 0, 0, 0, 0, 0, 0, 0, 0, 0]
6:7:154:!(scala.actors.Channel@bdc3,true):543:[7, 10, 4, 4, 14, 0, 28, 41, 0, 0, 0, 0, 0, 0, 0, 0, 0, 0, 0, 0]
7:7:152:Down(1):544:[7, 10, 4, 4, 14, 0, 26, 40, 0, 0, 0, 0, 0, 0, 0, 0, 0, 0, 0, 0]
7:6:155:GetMatch(1):545:[7, 10, 4, 4, 14, 0, 28, 44, 0, 0, 0, 0, 0, 0, 0, 0, 0, 0, 0, 0]
6:7:156:!(scala.actors.Channel@bdbd,Some(samira.procreg.Monitor@bdc4)):546:[7, 10, 4, 4, 14, 0, 30, 44, 0, 0, 0, 0, 0, 0, 0, 0, 0, 0, 0, 0]
7:6:157:DeleteEntry(1):547:[7, 10, 4, 4, 14, 0, 30, 46, 0, 0, 0, 0, 0, 0, 0, 0, 0, 0, 0, 0]
6:7:158:!(scala.actors.Channel@bdc3,()):548:[7, 10, 4, 4, 14, 0, 32, 46, 0, 0, 0, 0, 0, 0, 0, 0, 0, 0, 0, 0]
