##BUG:NO_BUG:1:2sec:46
0:4:100:spawn(pName):0:[1, 0, 0, 0, 0, 0, 0, 0, 0, 0, 0, 0, 0, 0, 0, 0, 0, 0, 0, 0]
4:0:101:!(scala.actors.Channel@ba76,1):1:[1, 0, 0, 0, 2, 0, 0, 0, 0, 0, 0, 0, 0, 0, 0, 0, 0, 0, 0, 0]
0:4:102:kill(1):2:[3, 0, 0, 0, 2, 0, 0, 0, 0, 0, 0, 0, 0, 0, 0, 0, 0, 0, 0, 0]
4:0:103:!(scala.actors.Channel@b83f,()):3:[3, 0, 0, 0, 4, 0, 0, 0, 0, 0, 0, 0, 0, 0, 0, 0, 0, 0, 0, 0]
0:1:104:Register(pName,1):4:[5, 0, 0, 0, 4, 0, 0, 0, 0, 0, 0, 0, 0, 0, 0, 0, 0, 0, 0, 0]
0:2:105:Register(pName,1):5:[6, 0, 0, 0, 4, 0, 0, 0, 0, 0, 0, 0, 0, 0, 0, 0, 0, 0, 0, 0]
1:6:106:InsertNewForward(pName,1):6:[5, 2, 0, 0, 4, 0, 0, 0, 0, 0, 0, 0, 0, 0, 0, 0, 0, 0, 0, 0]
2:6:107:InsertNewForward(pName,1):7:[6, 0, 2, 0, 4, 0, 0, 0, 0, 0, 0, 0, 0, 0, 0, 0, 0, 0, 0, 0]
6:1:108:!(scala.actors.Channel@bf61,true):8:[5, 2, 0, 0, 4, 0, 2, 0, 0, 0, 0, 0, 0, 0, 0, 0, 0, 0, 0, 0]
6:2:109:!(scala.actors.Channel@beec,false):9:[6, 2, 2, 0, 4, 0, 4, 0, 0, 0, 0, 0, 0, 0, 0, 0, 0, 0, 0, 0]
1:7:110:Reg(1):10:[5, 4, 0, 0, 4, 0, 2, 0, 0, 0, 0, 0, 0, 0, 0, 0, 0, 0, 0, 0]
7:4:112:isProcessAlive(1):11:[5, 4, 0, 0, 4, 0, 2, 2, 0, 0, 0, 0, 0, 0, 0, 0, 0, 0, 0, 0]
4:7:113:!(scala.actors.Channel@bda6,false):12:[5, 4, 0, 0, 6, 0, 2, 2, 0, 0, 0, 0, 0, 0, 0, 0, 0, 0, 0, 0]
7:6:115:InsertNewBackward(1,samira.procreg.Monitor@bdab):13:[5, 4, 0, 0, 6, 0, 2, 5, 0, 0, 0, 0, 0, 0, 0, 0, 0, 0, 0, 0]
6:7:116:!(scala.actors.Channel@bd01,true):14:[6, 4, 2, 0, 6, 0, 6, 5, 0, 0, 0, 0, 0, 0, 0, 0, 0, 0, 0, 0]
2:7:111:Where(pName):15:[6, 2, 4, 0, 4, 0, 4, 0, 0, 0, 0, 0, 0, 0, 0, 0, 0, 0, 0, 0]
7:6:117:Lookup(pName):16:[6, 4, 4, 0, 6, 0, 6, 8, 0, 0, 0, 0, 0, 0, 0, 0, 0, 0, 0, 0]
6:7:118:!(scala.actors.Channel@bc89,1):17:[6, 4, 4, 0, 6, 0, 8, 8, 0, 0, 0, 0, 0, 0, 0, 0, 0, 0, 0, 0]
7:4:119:isProcessAlive(1):18:[6, 4, 4, 0, 6, 0, 8, 10, 0, 0, 0, 0, 0, 0, 0, 0, 0, 0, 0, 0]
4:7:120:!(scala.actors.Channel@bd01,false):19:[6, 4, 4, 0, 8, 0, 8, 10, 0, 0, 0, 0, 0, 0, 0, 0, 0, 0, 0, 0]
7:7:114:Down(1):20:[5, 4, 0, 0, 6, 0, 2, 4, 0, 0, 0, 0, 0, 0, 0, 0, 0, 0, 0, 0]
7:2:121:!(scala.actors.Channel@bd86,-1):21:[6, 4, 4, 0, 8, 0, 8, 12, 0, 0, 0, 0, 0, 0, 0, 0, 0, 0, 0, 0]
7:6:122:GetMatch(1):22:[6, 4, 4, 0, 8, 0, 8, 14, 0, 0, 0, 0, 0, 0, 0, 0, 0, 0, 0, 0]
6:7:124:!(scala.actors.Channel@bda6,Some(samira.procreg.Monitor@bdab)):23:[6, 4, 4, 0, 8, 0, 10, 14, 0, 0, 0, 0, 0, 0, 0, 0, 0, 0, 0, 0]
7:6:125:DeleteEntry(1):24:[6, 4, 4, 0, 8, 0, 10, 16, 0, 0, 0, 0, 0, 0, 0, 0, 0, 0, 0, 0]
6:7:126:!(scala.actors.Channel@bc89,()):25:[6, 4, 4, 0, 8, 0, 12, 16, 0, 0, 0, 0, 0, 0, 0, 0, 0, 0, 0, 0]
2:7:123:Audit(pName):26:[6, 4, 6, 0, 8, 0, 8, 12, 0, 0, 0, 0, 0, 0, 0, 0, 0, 0, 0, 0]
7:6:127:Lookup(pName):27:[6, 4, 6, 0, 8, 0, 12, 19, 0, 0, 0, 0, 0, 0, 0, 0, 0, 0, 0, 0]
6:7:128:!(scala.actors.Channel@bda6,-1):28:[6, 4, 6, 0, 8, 0, 14, 19, 0, 0, 0, 0, 0, 0, 0, 0, 0, 0, 0, 0]
7:4:129:isProcessAlive(-1):29:[6, 4, 6, 0, 8, 0, 14, 21, 0, 0, 0, 0, 0, 0, 0, 0, 0, 0, 0, 0]
4:7:130:!(scala.actors.Channel@bc89,false):30:[6, 4, 6, 0, 10, 0, 14, 21, 0, 0, 0, 0, 0, 0, 0, 0, 0, 0, 0, 0]
7:6:131:DeleteEntry(-1):31:[6, 4, 6, 0, 10, 0, 14, 23, 0, 0, 0, 0, 0, 0, 0, 0, 0, 0, 0, 0]
6:7:132:!(scala.actors.Channel@bd01,()):32:[6, 4, 6, 0, 10, 0, 16, 23, 0, 0, 0, 0, 0, 0, 0, 0, 0, 0, 0, 0]
7:2:133:!(scala.actors.Channel@beec,()):33:[6, 4, 6, 0, 10, 0, 16, 25, 0, 0, 0, 0, 0, 0, 0, 0, 0, 0, 0, 0]
2:6:134:InsertNewForward(pName,1):34:[6, 4, 8, 0, 10, 0, 16, 25, 0, 0, 0, 0, 0, 0, 0, 0, 0, 0, 0, 0]
6:2:135:!(scala.actors.Channel@bd86,true):35:[6, 4, 8, 0, 10, 0, 18, 25, 0, 0, 0, 0, 0, 0, 0, 0, 0, 0, 0, 0]
2:7:136:Reg(1):36:[6, 4, 10, 0, 10, 0, 18, 25, 0, 0, 0, 0, 0, 0, 0, 0, 0, 0, 0, 0]
7:4:137:isProcessAlive(1):37:[6, 4, 10, 0, 10, 0, 18, 27, 0, 0, 0, 0, 0, 0, 0, 0, 0, 0, 0, 0]
4:7:138:!(scala.actors.Channel@bda6,false):38:[6, 4, 10, 0, 12, 0, 18, 27, 0, 0, 0, 0, 0, 0, 0, 0, 0, 0, 0, 0]
7:6:140:InsertNewBackward(1,samira.procreg.Monitor@bdab):39:[6, 4, 10, 0, 12, 0, 18, 30, 0, 0, 0, 0, 0, 0, 0, 0, 0, 0, 0, 0]
6:7:141:!(scala.actors.Channel@bd01,true):40:[6, 4, 10, 0, 12, 0, 20, 30, 0, 0, 0, 0, 0, 0, 0, 0, 0, 0, 0, 0]
7:7:139:Down(1):41:[6, 4, 10, 0, 12, 0, 18, 29, 0, 0, 0, 0, 0, 0, 0, 0, 0, 0, 0, 0]
7:6:142:GetMatch(1):42:[6, 4, 10, 0, 12, 0, 20, 33, 0, 0, 0, 0, 0, 0, 0, 0, 0, 0, 0, 0]
6:7:143:!(scala.actors.Channel@bc89,Some(samira.procreg.Monitor@bdab)):43:[6, 4, 10, 0, 12, 0, 22, 33, 0, 0, 0, 0, 0, 0, 0, 0, 0, 0, 0, 0]
7:6:144:DeleteEntry(1):44:[6, 4, 10, 0, 12, 0, 22, 35, 0, 0, 0, 0, 0, 0, 0, 0, 0, 0, 0, 0]
6:7:145:!(scala.actors.Channel@bd01,()):45:[6, 4, 10, 0, 12, 0, 24, 35, 0, 0, 0, 0, 0, 0, 0, 0, 0, 0, 0, 0]
##BUG:NO_BUG:2:3sec:46
0:4:100:spawn(pName):0:[1, 0, 0, 0, 0, 0, 0, 0, 0, 0, 0, 0, 0, 0, 0, 0, 0, 0, 0, 0]
4:0:101:!(scala.actors.Channel@ba76,1):1:[1, 0, 0, 0, 2, 0, 0, 0, 0, 0, 0, 0, 0, 0, 0, 0, 0, 0, 0, 0]
0:4:102:kill(1):2:[3, 0, 0, 0, 2, 0, 0, 0, 0, 0, 0, 0, 0, 0, 0, 0, 0, 0, 0, 0]
4:0:103:!(scala.actors.Channel@b83f,()):3:[3, 0, 0, 0, 4, 0, 0, 0, 0, 0, 0, 0, 0, 0, 0, 0, 0, 0, 0, 0]
0:1:104:Register(pName,1):4:[5, 0, 0, 0, 4, 0, 0, 0, 0, 0, 0, 0, 0, 0, 0, 0, 0, 0, 0, 0]
0:2:105:Register(pName,1):5:[6, 0, 0, 0, 4, 0, 0, 0, 0, 0, 0, 0, 0, 0, 0, 0, 0, 0, 0, 0]
1:6:106:InsertNewForward(pName,1):6:[5, 2, 0, 0, 4, 0, 0, 0, 0, 0, 0, 0, 0, 0, 0, 0, 0, 0, 0, 0]
2:6:107:InsertNewForward(pName,1):7:[6, 0, 2, 0, 4, 0, 0, 0, 0, 0, 0, 0, 0, 0, 0, 0, 0, 0, 0, 0]
6:1:108:!(scala.actors.Channel@bf61,true):8:[5, 2, 0, 0, 4, 0, 2, 0, 0, 0, 0, 0, 0, 0, 0, 0, 0, 0, 0, 0]
6:2:109:!(scala.actors.Channel@beec,false):9:[6, 2, 2, 0, 4, 0, 4, 0, 0, 0, 0, 0, 0, 0, 0, 0, 0, 0, 0, 0]
1:7:110:Reg(1):10:[5, 4, 0, 0, 4, 0, 2, 0, 0, 0, 0, 0, 0, 0, 0, 0, 0, 0, 0, 0]
7:4:112:isProcessAlive(1):11:[5, 4, 0, 0, 4, 0, 2, 2, 0, 0, 0, 0, 0, 0, 0, 0, 0, 0, 0, 0]
4:7:113:!(scala.actors.Channel@bda6,false):12:[5, 4, 0, 0, 6, 0, 2, 2, 0, 0, 0, 0, 0, 0, 0, 0, 0, 0, 0, 0]
7:6:115:InsertNewBackward(1,samira.procreg.Monitor@bdab):13:[5, 4, 0, 0, 6, 0, 2, 5, 0, 0, 0, 0, 0, 0, 0, 0, 0, 0, 0, 0]
6:7:116:!(scala.actors.Channel@bd01,true):14:[6, 4, 2, 0, 6, 0, 6, 5, 0, 0, 0, 0, 0, 0, 0, 0, 0, 0, 0, 0]
2:7:111:Where(pName):15:[6, 2, 4, 0, 4, 0, 4, 0, 0, 0, 0, 0, 0, 0, 0, 0, 0, 0, 0, 0]
7:6:117:Lookup(pName):16:[6, 4, 4, 0, 6, 0, 6, 8, 0, 0, 0, 0, 0, 0, 0, 0, 0, 0, 0, 0]
6:7:118:!(scala.actors.Channel@bc89,1):17:[6, 4, 4, 0, 6, 0, 8, 8, 0, 0, 0, 0, 0, 0, 0, 0, 0, 0, 0, 0]
7:4:119:isProcessAlive(1):18:[6, 4, 4, 0, 6, 0, 8, 10, 0, 0, 0, 0, 0, 0, 0, 0, 0, 0, 0, 0]
4:7:120:!(scala.actors.Channel@bd01,false):19:[6, 4, 4, 0, 8, 0, 8, 10, 0, 0, 0, 0, 0, 0, 0, 0, 0, 0, 0, 0]
7:2:121:!(scala.actors.Channel@bd86,-1):20:[6, 4, 4, 0, 8, 0, 8, 12, 0, 0, 0, 0, 0, 0, 0, 0, 0, 0, 0, 0]
7:7:114:Down(1):46:[5, 4, 0, 0, 6, 0, 2, 4, 0, 0, 0, 0, 0, 0, 0, 0, 0, 0, 0, 0]
7:6:123:GetMatch(1):47:[6, 4, 4, 0, 8, 0, 8, 14, 0, 0, 0, 0, 0, 0, 0, 0, 0, 0, 0, 0]
6:7:124:!(scala.actors.Channel@bda6,Some(samira.procreg.Monitor@bdab)):48:[6, 4, 4, 0, 8, 0, 10, 14, 0, 0, 0, 0, 0, 0, 0, 0, 0, 0, 0, 0]
7:6:125:DeleteEntry(1):49:[6, 4, 4, 0, 8, 0, 10, 16, 0, 0, 0, 0, 0, 0, 0, 0, 0, 0, 0, 0]
6:7:126:!(scala.actors.Channel@bc89,()):50:[6, 4, 4, 0, 8, 0, 12, 16, 0, 0, 0, 0, 0, 0, 0, 0, 0, 0, 0, 0]
2:7:122:Audit(pName):51:[6, 4, 6, 0, 8, 0, 8, 12, 0, 0, 0, 0, 0, 0, 0, 0, 0, 0, 0, 0]
7:6:127:Lookup(pName):52:[6, 4, 6, 0, 8, 0, 12, 19, 0, 0, 0, 0, 0, 0, 0, 0, 0, 0, 0, 0]
6:7:128:!(scala.actors.Channel@bda6,-1):53:[6, 4, 6, 0, 8, 0, 14, 19, 0, 0, 0, 0, 0, 0, 0, 0, 0, 0, 0, 0]
7:4:129:isProcessAlive(-1):54:[6, 4, 6, 0, 8, 0, 14, 21, 0, 0, 0, 0, 0, 0, 0, 0, 0, 0, 0, 0]
4:7:130:!(scala.actors.Channel@bc89,false):55:[6, 4, 6, 0, 10, 0, 14, 21, 0, 0, 0, 0, 0, 0, 0, 0, 0, 0, 0, 0]
7:6:131:DeleteEntry(-1):56:[6, 4, 6, 0, 10, 0, 14, 23, 0, 0, 0, 0, 0, 0, 0, 0, 0, 0, 0, 0]
6:7:132:!(scala.actors.Channel@bd01,()):57:[6, 4, 6, 0, 10, 0, 16, 23, 0, 0, 0, 0, 0, 0, 0, 0, 0, 0, 0, 0]
7:2:133:!(scala.actors.Channel@beec,()):58:[6, 4, 6, 0, 10, 0, 16, 25, 0, 0, 0, 0, 0, 0, 0, 0, 0, 0, 0, 0]
2:6:134:InsertNewForward(pName,1):59:[6, 4, 8, 0, 10, 0, 16, 25, 0, 0, 0, 0, 0, 0, 0, 0, 0, 0, 0, 0]
6:2:135:!(scala.actors.Channel@bd86,true):60:[6, 4, 8, 0, 10, 0, 18, 25, 0, 0, 0, 0, 0, 0, 0, 0, 0, 0, 0, 0]
2:7:136:Reg(1):61:[6, 4, 10, 0, 10, 0, 18, 25, 0, 0, 0, 0, 0, 0, 0, 0, 0, 0, 0, 0]
7:4:137:isProcessAlive(1):62:[6, 4, 10, 0, 10, 0, 18, 27, 0, 0, 0, 0, 0, 0, 0, 0, 0, 0, 0, 0]
4:7:138:!(scala.actors.Channel@bda6,false):63:[6, 4, 10, 0, 12, 0, 18, 27, 0, 0, 0, 0, 0, 0, 0, 0, 0, 0, 0, 0]
7:6:140:InsertNewBackward(1,samira.procreg.Monitor@bdab):64:[6, 4, 10, 0, 12, 0, 18, 30, 0, 0, 0, 0, 0, 0, 0, 0, 0, 0, 0, 0]
6:7:141:!(scala.actors.Channel@bd01,true):65:[6, 4, 10, 0, 12, 0, 20, 30, 0, 0, 0, 0, 0, 0, 0, 0, 0, 0, 0, 0]
7:7:139:Down(1):66:[6, 4, 10, 0, 12, 0, 18, 29, 0, 0, 0, 0, 0, 0, 0, 0, 0, 0, 0, 0]
7:6:142:GetMatch(1):67:[6, 4, 10, 0, 12, 0, 20, 33, 0, 0, 0, 0, 0, 0, 0, 0, 0, 0, 0, 0]
6:7:143:!(scala.actors.Channel@bc89,Some(samira.procreg.Monitor@bdab)):68:[6, 4, 10, 0, 12, 0, 22, 33, 0, 0, 0, 0, 0, 0, 0, 0, 0, 0, 0, 0]
7:6:144:DeleteEntry(1):69:[6, 4, 10, 0, 12, 0, 22, 35, 0, 0, 0, 0, 0, 0, 0, 0, 0, 0, 0, 0]
6:7:145:!(scala.actors.Channel@bd01,()):70:[6, 4, 10, 0, 12, 0, 24, 35, 0, 0, 0, 0, 0, 0, 0, 0, 0, 0, 0, 0]
##BUG:NO_BUG:3:4sec:46
0:4:100:spawn(pName):0:[1, 0, 0, 0, 0, 0, 0, 0, 0, 0, 0, 0, 0, 0, 0, 0, 0, 0, 0, 0]
4:0:101:!(scala.actors.Channel@ba76,1):1:[1, 0, 0, 0, 2, 0, 0, 0, 0, 0, 0, 0, 0, 0, 0, 0, 0, 0, 0, 0]
0:4:102:kill(1):2:[3, 0, 0, 0, 2, 0, 0, 0, 0, 0, 0, 0, 0, 0, 0, 0, 0, 0, 0, 0]
4:0:103:!(scala.actors.Channel@b83f,()):3:[3, 0, 0, 0, 4, 0, 0, 0, 0, 0, 0, 0, 0, 0, 0, 0, 0, 0, 0, 0]
0:1:104:Register(pName,1):4:[5, 0, 0, 0, 4, 0, 0, 0, 0, 0, 0, 0, 0, 0, 0, 0, 0, 0, 0, 0]
0:2:105:Register(pName,1):5:[6, 0, 0, 0, 4, 0, 0, 0, 0, 0, 0, 0, 0, 0, 0, 0, 0, 0, 0, 0]
1:6:106:InsertNewForward(pName,1):6:[5, 2, 0, 0, 4, 0, 0, 0, 0, 0, 0, 0, 0, 0, 0, 0, 0, 0, 0, 0]
2:6:107:InsertNewForward(pName,1):7:[6, 0, 2, 0, 4, 0, 0, 0, 0, 0, 0, 0, 0, 0, 0, 0, 0, 0, 0, 0]
6:1:108:!(scala.actors.Channel@bf61,true):8:[5, 2, 0, 0, 4, 0, 2, 0, 0, 0, 0, 0, 0, 0, 0, 0, 0, 0, 0, 0]
6:2:109:!(scala.actors.Channel@beec,false):9:[6, 2, 2, 0, 4, 0, 4, 0, 0, 0, 0, 0, 0, 0, 0, 0, 0, 0, 0, 0]
1:7:110:Reg(1):10:[5, 4, 0, 0, 4, 0, 2, 0, 0, 0, 0, 0, 0, 0, 0, 0, 0, 0, 0, 0]
7:4:112:isProcessAlive(1):11:[5, 4, 0, 0, 4, 0, 2, 2, 0, 0, 0, 0, 0, 0, 0, 0, 0, 0, 0, 0]
4:7:113:!(scala.actors.Channel@bda6,false):12:[5, 4, 0, 0, 6, 0, 2, 2, 0, 0, 0, 0, 0, 0, 0, 0, 0, 0, 0, 0]
7:6:115:InsertNewBackward(1,samira.procreg.Monitor@bdab):13:[5, 4, 0, 0, 6, 0, 2, 5, 0, 0, 0, 0, 0, 0, 0, 0, 0, 0, 0, 0]
6:7:116:!(scala.actors.Channel@bd01,true):14:[6, 4, 2, 0, 6, 0, 6, 5, 0, 0, 0, 0, 0, 0, 0, 0, 0, 0, 0, 0]
7:7:114:Down(1):15:[5, 4, 0, 0, 6, 0, 2, 4, 0, 0, 0, 0, 0, 0, 0, 0, 0, 0, 0, 0]
7:6:117:GetMatch(1):71:[6, 4, 2, 0, 6, 0, 6, 8, 0, 0, 0, 0, 0, 0, 0, 0, 0, 0, 0, 0]
6:7:118:!(scala.actors.Channel@bc89,Some(samira.procreg.Monitor@bdab)):72:[6, 4, 2, 0, 6, 0, 8, 8, 0, 0, 0, 0, 0, 0, 0, 0, 0, 0, 0, 0]
7:6:119:DeleteEntry(1):73:[6, 4, 2, 0, 6, 0, 8, 10, 0, 0, 0, 0, 0, 0, 0, 0, 0, 0, 0, 0]
6:7:120:!(scala.actors.Channel@bd01,()):74:[6, 4, 2, 0, 6, 0, 10, 10, 0, 0, 0, 0, 0, 0, 0, 0, 0, 0, 0, 0]
2:7:111:Where(pName):75:[6, 2, 4, 0, 4, 0, 4, 0, 0, 0, 0, 0, 0, 0, 0, 0, 0, 0, 0, 0]
7:6:121:Lookup(pName):76:[6, 4, 4, 0, 6, 0, 10, 13, 0, 0, 0, 0, 0, 0, 0, 0, 0, 0, 0, 0]
6:7:122:!(scala.actors.Channel@bc89,-1):77:[6, 4, 4, 0, 6, 0, 12, 13, 0, 0, 0, 0, 0, 0, 0, 0, 0, 0, 0, 0]
7:4:123:isProcessAlive(-1):78:[6, 4, 4, 0, 6, 0, 12, 15, 0, 0, 0, 0, 0, 0, 0, 0, 0, 0, 0, 0]
4:7:124:!(scala.actors.Channel@bd01,false):79:[6, 4, 4, 0, 8, 0, 12, 15, 0, 0, 0, 0, 0, 0, 0, 0, 0, 0, 0, 0]
7:2:125:!(scala.actors.Channel@bd86,-1):80:[6, 4, 4, 0, 8, 0, 12, 17, 0, 0, 0, 0, 0, 0, 0, 0, 0, 0, 0, 0]
2:7:126:Audit(pName):81:[6, 4, 6, 0, 8, 0, 12, 17, 0, 0, 0, 0, 0, 0, 0, 0, 0, 0, 0, 0]
7:6:127:Lookup(pName):82:[6, 4, 6, 0, 8, 0, 12, 19, 0, 0, 0, 0, 0, 0, 0, 0, 0, 0, 0, 0]
6:7:128:!(scala.actors.Channel@bda6,-1):83:[6, 4, 6, 0, 8, 0, 14, 19, 0, 0, 0, 0, 0, 0, 0, 0, 0, 0, 0, 0]
7:4:129:isProcessAlive(-1):84:[6, 4, 6, 0, 8, 0, 14, 21, 0, 0, 0, 0, 0, 0, 0, 0, 0, 0, 0, 0]
4:7:130:!(scala.actors.Channel@bc89,false):85:[6, 4, 6, 0, 10, 0, 14, 21, 0, 0, 0, 0, 0, 0, 0, 0, 0, 0, 0, 0]
7:6:131:DeleteEntry(-1):86:[6, 4, 6, 0, 10, 0, 14, 23, 0, 0, 0, 0, 0, 0, 0, 0, 0, 0, 0, 0]
6:7:132:!(scala.actors.Channel@bd01,()):87:[6, 4, 6, 0, 10, 0, 16, 23, 0, 0, 0, 0, 0, 0, 0, 0, 0, 0, 0, 0]
7:2:133:!(scala.actors.Channel@beec,()):88:[6, 4, 6, 0, 10, 0, 16, 25, 0, 0, 0, 0, 0, 0, 0, 0, 0, 0, 0, 0]
2:6:134:InsertNewForward(pName,1):89:[6, 4, 8, 0, 10, 0, 16, 25, 0, 0, 0, 0, 0, 0, 0, 0, 0, 0, 0, 0]
6:2:135:!(scala.actors.Channel@bd86,true):90:[6, 4, 8, 0, 10, 0, 18, 25, 0, 0, 0, 0, 0, 0, 0, 0, 0, 0, 0, 0]
2:7:136:Reg(1):91:[6, 4, 10, 0, 10, 0, 18, 25, 0, 0, 0, 0, 0, 0, 0, 0, 0, 0, 0, 0]
7:4:137:isProcessAlive(1):92:[6, 4, 10, 0, 10, 0, 18, 27, 0, 0, 0, 0, 0, 0, 0, 0, 0, 0, 0, 0]
4:7:138:!(scala.actors.Channel@bda6,false):93:[6, 4, 10, 0, 12, 0, 18, 27, 0, 0, 0, 0, 0, 0, 0, 0, 0, 0, 0, 0]
7:6:140:InsertNewBackward(1,samira.procreg.Monitor@bdab):94:[6, 4, 10, 0, 12, 0, 18, 30, 0, 0, 0, 0, 0, 0, 0, 0, 0, 0, 0, 0]
6:7:141:!(scala.actors.Channel@bd01,true):95:[6, 4, 10, 0, 12, 0, 20, 30, 0, 0, 0, 0, 0, 0, 0, 0, 0, 0, 0, 0]
7:7:139:Down(1):96:[6, 4, 10, 0, 12, 0, 18, 29, 0, 0, 0, 0, 0, 0, 0, 0, 0, 0, 0, 0]
7:6:142:GetMatch(1):97:[6, 4, 10, 0, 12, 0, 20, 33, 0, 0, 0, 0, 0, 0, 0, 0, 0, 0, 0, 0]
6:7:143:!(scala.actors.Channel@bc89,Some(samira.procreg.Monitor@bdab)):98:[6, 4, 10, 0, 12, 0, 22, 33, 0, 0, 0, 0, 0, 0, 0, 0, 0, 0, 0, 0]
7:6:144:DeleteEntry(1):99:[6, 4, 10, 0, 12, 0, 22, 35, 0, 0, 0, 0, 0, 0, 0, 0, 0, 0, 0, 0]
6:7:145:!(scala.actors.Channel@bd01,()):100:[6, 4, 10, 0, 12, 0, 24, 35, 0, 0, 0, 0, 0, 0, 0, 0, 0, 0, 0, 0]
##BUG:NO_BUG:4:5sec:44
0:4:100:spawn(pName):0:[1, 0, 0, 0, 0, 0, 0, 0, 0, 0, 0, 0, 0, 0, 0, 0, 0, 0, 0, 0]
4:0:101:!(scala.actors.Channel@ba76,1):1:[1, 0, 0, 0, 2, 0, 0, 0, 0, 0, 0, 0, 0, 0, 0, 0, 0, 0, 0, 0]
0:4:102:kill(1):2:[3, 0, 0, 0, 2, 0, 0, 0, 0, 0, 0, 0, 0, 0, 0, 0, 0, 0, 0, 0]
4:0:103:!(scala.actors.Channel@b83f,()):3:[3, 0, 0, 0, 4, 0, 0, 0, 0, 0, 0, 0, 0, 0, 0, 0, 0, 0, 0, 0]
0:1:104:Register(pName,1):4:[5, 0, 0, 0, 4, 0, 0, 0, 0, 0, 0, 0, 0, 0, 0, 0, 0, 0, 0, 0]
0:2:105:Register(pName,1):5:[6, 0, 0, 0, 4, 0, 0, 0, 0, 0, 0, 0, 0, 0, 0, 0, 0, 0, 0, 0]
1:6:106:InsertNewForward(pName,1):6:[5, 2, 0, 0, 4, 0, 0, 0, 0, 0, 0, 0, 0, 0, 0, 0, 0, 0, 0, 0]
2:6:107:InsertNewForward(pName,1):7:[6, 0, 2, 0, 4, 0, 0, 0, 0, 0, 0, 0, 0, 0, 0, 0, 0, 0, 0, 0]
6:1:108:!(scala.actors.Channel@bf61,true):8:[5, 2, 0, 0, 4, 0, 2, 0, 0, 0, 0, 0, 0, 0, 0, 0, 0, 0, 0, 0]
6:2:109:!(scala.actors.Channel@beec,false):9:[6, 2, 2, 0, 4, 0, 4, 0, 0, 0, 0, 0, 0, 0, 0, 0, 0, 0, 0, 0]
2:7:111:Where(pName):10:[6, 2, 4, 0, 4, 0, 4, 0, 0, 0, 0, 0, 0, 0, 0, 0, 0, 0, 0, 0]
7:6:112:Lookup(pName):101:[6, 2, 4, 0, 4, 0, 4, 2, 0, 0, 0, 0, 0, 0, 0, 0, 0, 0, 0, 0]
6:7:113:!(scala.actors.Channel@bda6,1):102:[6, 2, 4, 0, 4, 0, 6, 2, 0, 0, 0, 0, 0, 0, 0, 0, 0, 0, 0, 0]
7:4:114:isProcessAlive(1):103:[6, 2, 4, 0, 4, 0, 6, 4, 0, 0, 0, 0, 0, 0, 0, 0, 0, 0, 0, 0]
4:7:115:!(scala.actors.Channel@bd01,false):104:[6, 2, 4, 0, 6, 0, 6, 4, 0, 0, 0, 0, 0, 0, 0, 0, 0, 0, 0, 0]
1:7:110:Reg(1):105:[5, 4, 0, 0, 4, 0, 2, 0, 0, 0, 0, 0, 0, 0, 0, 0, 0, 0, 0, 0]
7:2:116:!(scala.actors.Channel@bd86,-1):106:[6, 2, 4, 0, 6, 0, 6, 6, 0, 0, 0, 0, 0, 0, 0, 0, 0, 0, 0, 0]
7:4:117:isProcessAlive(1):107:[6, 4, 4, 0, 6, 0, 6, 8, 0, 0, 0, 0, 0, 0, 0, 0, 0, 0, 0, 0]
4:7:119:!(scala.actors.Channel@bc89,false):108:[6, 4, 4, 0, 8, 0, 6, 8, 0, 0, 0, 0, 0, 0, 0, 0, 0, 0, 0, 0]
7:6:121:InsertNewBackward(1,samira.procreg.Monitor@bdab):109:[6, 4, 4, 0, 8, 0, 6, 11, 0, 0, 0, 0, 0, 0, 0, 0, 0, 0, 0, 0]
6:7:122:!(scala.actors.Channel@bd01,true):110:[6, 4, 4, 0, 8, 0, 8, 11, 0, 0, 0, 0, 0, 0, 0, 0, 0, 0, 0, 0]
2:7:118:Audit(pName):111:[6, 2, 6, 0, 6, 0, 6, 6, 0, 0, 0, 0, 0, 0, 0, 0, 0, 0, 0, 0]
7:6:123:Lookup(pName):112:[6, 4, 6, 0, 8, 0, 8, 14, 0, 0, 0, 0, 0, 0, 0, 0, 0, 0, 0, 0]
6:7:124:!(scala.actors.Channel@bda6,1):113:[6, 4, 6, 0, 8, 0, 10, 14, 0, 0, 0, 0, 0, 0, 0, 0, 0, 0, 0, 0]
7:4:125:isProcessAlive(1):114:[6, 4, 6, 0, 8, 0, 10, 16, 0, 0, 0, 0, 0, 0, 0, 0, 0, 0, 0, 0]
4:7:126:!(scala.actors.Channel@bd01,false):115:[6, 4, 6, 0, 10, 0, 10, 16, 0, 0, 0, 0, 0, 0, 0, 0, 0, 0, 0, 0]
7:6:127:DeleteEntry(1):116:[6, 4, 6, 0, 10, 0, 10, 18, 0, 0, 0, 0, 0, 0, 0, 0, 0, 0, 0, 0]
6:7:128:!(scala.actors.Channel@bc89,()):117:[6, 4, 6, 0, 10, 0, 12, 18, 0, 0, 0, 0, 0, 0, 0, 0, 0, 0, 0, 0]
7:7:120:Down(1):118:[6, 4, 4, 0, 8, 0, 6, 10, 0, 0, 0, 0, 0, 0, 0, 0, 0, 0, 0, 0]
7:2:129:!(scala.actors.Channel@beec,()):119:[6, 4, 6, 0, 10, 0, 12, 20, 0, 0, 0, 0, 0, 0, 0, 0, 0, 0, 0, 0]
7:6:130:GetMatch(1):120:[6, 4, 6, 0, 10, 0, 12, 22, 0, 0, 0, 0, 0, 0, 0, 0, 0, 0, 0, 0]
2:6:131:InsertNewForward(pName,1):121:[6, 4, 8, 0, 10, 0, 12, 20, 0, 0, 0, 0, 0, 0, 0, 0, 0, 0, 0, 0]
6:7:132:!(scala.actors.Channel@bda6,None):122:[6, 4, 6, 0, 10, 0, 14, 22, 0, 0, 0, 0, 0, 0, 0, 0, 0, 0, 0, 0]
6:2:133:!(scala.actors.Channel@bd86,true):123:[6, 4, 8, 0, 10, 0, 16, 22, 0, 0, 0, 0, 0, 0, 0, 0, 0, 0, 0, 0]
2:7:134:Reg(1):124:[6, 4, 10, 0, 10, 0, 16, 22, 0, 0, 0, 0, 0, 0, 0, 0, 0, 0, 0, 0]
7:4:135:isProcessAlive(1):125:[6, 4, 10, 0, 10, 0, 16, 25, 0, 0, 0, 0, 0, 0, 0, 0, 0, 0, 0, 0]
4:7:136:!(scala.actors.Channel@bc89,false):126:[6, 4, 10, 0, 12, 0, 16, 25, 0, 0, 0, 0, 0, 0, 0, 0, 0, 0, 0, 0]
7:6:138:InsertNewBackward(1,samira.procreg.Monitor@bdab):127:[6, 4, 10, 0, 12, 0, 16, 28, 0, 0, 0, 0, 0, 0, 0, 0, 0, 0, 0, 0]
6:7:139:!(scala.actors.Channel@bda6,true):128:[6, 4, 10, 0, 12, 0, 18, 28, 0, 0, 0, 0, 0, 0, 0, 0, 0, 0, 0, 0]
7:7:137:Down(1):129:[6, 4, 10, 0, 12, 0, 16, 27, 0, 0, 0, 0, 0, 0, 0, 0, 0, 0, 0, 0]
7:6:140:GetMatch(1):130:[6, 4, 10, 0, 12, 0, 18, 31, 0, 0, 0, 0, 0, 0, 0, 0, 0, 0, 0, 0]
6:7:141:!(scala.actors.Channel@bd01,Some(samira.procreg.Monitor@bdab)):131:[6, 4, 10, 0, 12, 0, 20, 31, 0, 0, 0, 0, 0, 0, 0, 0, 0, 0, 0, 0]
7:6:142:DeleteEntry(1):132:[6, 4, 10, 0, 12, 0, 20, 33, 0, 0, 0, 0, 0, 0, 0, 0, 0, 0, 0, 0]
6:7:143:!(scala.actors.Channel@bda6,()):133:[6, 4, 10, 0, 12, 0, 22, 33, 0, 0, 0, 0, 0, 0, 0, 0, 0, 0, 0, 0]
##BUG:NO_BUG:5:6sec:46
0:4:100:spawn(pName):0:[1, 0, 0, 0, 0, 0, 0, 0, 0, 0, 0, 0, 0, 0, 0, 0, 0, 0, 0, 0]
4:0:101:!(scala.actors.Channel@ba76,1):1:[1, 0, 0, 0, 2, 0, 0, 0, 0, 0, 0, 0, 0, 0, 0, 0, 0, 0, 0, 0]
0:4:102:kill(1):2:[3, 0, 0, 0, 2, 0, 0, 0, 0, 0, 0, 0, 0, 0, 0, 0, 0, 0, 0, 0]
4:0:103:!(scala.actors.Channel@b83f,()):3:[3, 0, 0, 0, 4, 0, 0, 0, 0, 0, 0, 0, 0, 0, 0, 0, 0, 0, 0, 0]
0:1:104:Register(pName,1):4:[5, 0, 0, 0, 4, 0, 0, 0, 0, 0, 0, 0, 0, 0, 0, 0, 0, 0, 0, 0]
0:2:105:Register(pName,1):5:[6, 0, 0, 0, 4, 0, 0, 0, 0, 0, 0, 0, 0, 0, 0, 0, 0, 0, 0, 0]
1:6:106:InsertNewForward(pName,1):6:[5, 2, 0, 0, 4, 0, 0, 0, 0, 0, 0, 0, 0, 0, 0, 0, 0, 0, 0, 0]
6:1:108:!(scala.actors.Channel@bf61,true):7:[5, 2, 0, 0, 4, 0, 2, 0, 0, 0, 0, 0, 0, 0, 0, 0, 0, 0, 0, 0]
2:6:107:InsertNewForward(pName,1):134:[6, 0, 2, 0, 4, 0, 0, 0, 0, 0, 0, 0, 0, 0, 0, 0, 0, 0, 0, 0]
1:7:109:Reg(1):135:[5, 4, 0, 0, 4, 0, 2, 0, 0, 0, 0, 0, 0, 0, 0, 0, 0, 0, 0, 0]
6:2:110:!(scala.actors.Channel@beec,false):136:[6, 2, 2, 0, 4, 0, 4, 0, 0, 0, 0, 0, 0, 0, 0, 0, 0, 0, 0, 0]
7:4:111:isProcessAlive(1):137:[5, 4, 0, 0, 4, 0, 2, 2, 0, 0, 0, 0, 0, 0, 0, 0, 0, 0, 0, 0]
4:7:113:!(scala.actors.Channel@bda6,false):138:[5, 4, 0, 0, 6, 0, 2, 2, 0, 0, 0, 0, 0, 0, 0, 0, 0, 0, 0, 0]
7:6:115:InsertNewBackward(1,samira.procreg.Monitor@bdab):139:[5, 4, 0, 0, 6, 0, 2, 5, 0, 0, 0, 0, 0, 0, 0, 0, 0, 0, 0, 0]
6:7:116:!(scala.actors.Channel@bd01,true):140:[6, 4, 2, 0, 6, 0, 6, 5, 0, 0, 0, 0, 0, 0, 0, 0, 0, 0, 0, 0]
2:7:112:Where(pName):141:[6, 2, 4, 0, 4, 0, 4, 0, 0, 0, 0, 0, 0, 0, 0, 0, 0, 0, 0, 0]
7:6:117:Lookup(pName):142:[6, 4, 4, 0, 6, 0, 6, 8, 0, 0, 0, 0, 0, 0, 0, 0, 0, 0, 0, 0]
6:7:118:!(scala.actors.Channel@bc89,1):143:[6, 4, 4, 0, 6, 0, 8, 8, 0, 0, 0, 0, 0, 0, 0, 0, 0, 0, 0, 0]
7:4:119:isProcessAlive(1):144:[6, 4, 4, 0, 6, 0, 8, 10, 0, 0, 0, 0, 0, 0, 0, 0, 0, 0, 0, 0]
4:7:120:!(scala.actors.Channel@bd01,false):145:[6, 4, 4, 0, 8, 0, 8, 10, 0, 0, 0, 0, 0, 0, 0, 0, 0, 0, 0, 0]
7:7:114:Down(1):146:[5, 4, 0, 0, 6, 0, 2, 4, 0, 0, 0, 0, 0, 0, 0, 0, 0, 0, 0, 0]
7:2:121:!(scala.actors.Channel@bd86,-1):147:[6, 4, 4, 0, 8, 0, 8, 12, 0, 0, 0, 0, 0, 0, 0, 0, 0, 0, 0, 0]
7:6:122:GetMatch(1):148:[6, 4, 4, 0, 8, 0, 8, 14, 0, 0, 0, 0, 0, 0, 0, 0, 0, 0, 0, 0]
6:7:124:!(scala.actors.Channel@bda6,Some(samira.procreg.Monitor@bdab)):149:[6, 4, 4, 0, 8, 0, 10, 14, 0, 0, 0, 0, 0, 0, 0, 0, 0, 0, 0, 0]
7:6:125:DeleteEntry(1):150:[6, 4, 4, 0, 8, 0, 10, 16, 0, 0, 0, 0, 0, 0, 0, 0, 0, 0, 0, 0]
6:7:126:!(scala.actors.Channel@bc89,()):151:[6, 4, 4, 0, 8, 0, 12, 16, 0, 0, 0, 0, 0, 0, 0, 0, 0, 0, 0, 0]
2:7:123:Audit(pName):152:[6, 4, 6, 0, 8, 0, 8, 12, 0, 0, 0, 0, 0, 0, 0, 0, 0, 0, 0, 0]
7:6:127:Lookup(pName):153:[6, 4, 6, 0, 8, 0, 12, 19, 0, 0, 0, 0, 0, 0, 0, 0, 0, 0, 0, 0]
6:7:128:!(scala.actors.Channel@bda6,-1):154:[6, 4, 6, 0, 8, 0, 14, 19, 0, 0, 0, 0, 0, 0, 0, 0, 0, 0, 0, 0]
7:4:129:isProcessAlive(-1):155:[6, 4, 6, 0, 8, 0, 14, 21, 0, 0, 0, 0, 0, 0, 0, 0, 0, 0, 0, 0]
4:7:130:!(scala.actors.Channel@bc89,false):156:[6, 4, 6, 0, 10, 0, 14, 21, 0, 0, 0, 0, 0, 0, 0, 0, 0, 0, 0, 0]
7:6:131:DeleteEntry(-1):157:[6, 4, 6, 0, 10, 0, 14, 23, 0, 0, 0, 0, 0, 0, 0, 0, 0, 0, 0, 0]
6:7:132:!(scala.actors.Channel@bd01,()):158:[6, 4, 6, 0, 10, 0, 16, 23, 0, 0, 0, 0, 0, 0, 0, 0, 0, 0, 0, 0]
7:2:133:!(scala.actors.Channel@beec,()):159:[6, 4, 6, 0, 10, 0, 16, 25, 0, 0, 0, 0, 0, 0, 0, 0, 0, 0, 0, 0]
2:6:134:InsertNewForward(pName,1):160:[6, 4, 8, 0, 10, 0, 16, 25, 0, 0, 0, 0, 0, 0, 0, 0, 0, 0, 0, 0]
6:2:135:!(scala.actors.Channel@bd86,true):161:[6, 4, 8, 0, 10, 0, 18, 25, 0, 0, 0, 0, 0, 0, 0, 0, 0, 0, 0, 0]
2:7:136:Reg(1):162:[6, 4, 10, 0, 10, 0, 18, 25, 0, 0, 0, 0, 0, 0, 0, 0, 0, 0, 0, 0]
7:4:137:isProcessAlive(1):163:[6, 4, 10, 0, 10, 0, 18, 27, 0, 0, 0, 0, 0, 0, 0, 0, 0, 0, 0, 0]
4:7:138:!(scala.actors.Channel@bda6,false):164:[6, 4, 10, 0, 12, 0, 18, 27, 0, 0, 0, 0, 0, 0, 0, 0, 0, 0, 0, 0]
7:6:140:InsertNewBackward(1,samira.procreg.Monitor@bdab):165:[6, 4, 10, 0, 12, 0, 18, 30, 0, 0, 0, 0, 0, 0, 0, 0, 0, 0, 0, 0]
6:7:141:!(scala.actors.Channel@bd01,true):166:[6, 4, 10, 0, 12, 0, 20, 30, 0, 0, 0, 0, 0, 0, 0, 0, 0, 0, 0, 0]
7:7:139:Down(1):167:[6, 4, 10, 0, 12, 0, 18, 29, 0, 0, 0, 0, 0, 0, 0, 0, 0, 0, 0, 0]
7:6:142:GetMatch(1):168:[6, 4, 10, 0, 12, 0, 20, 33, 0, 0, 0, 0, 0, 0, 0, 0, 0, 0, 0, 0]
6:7:143:!(scala.actors.Channel@bc89,Some(samira.procreg.Monitor@bdab)):169:[6, 4, 10, 0, 12, 0, 22, 33, 0, 0, 0, 0, 0, 0, 0, 0, 0, 0, 0, 0]
7:6:144:DeleteEntry(1):170:[6, 4, 10, 0, 12, 0, 22, 35, 0, 0, 0, 0, 0, 0, 0, 0, 0, 0, 0, 0]
6:7:145:!(scala.actors.Channel@bd01,()):171:[6, 4, 10, 0, 12, 0, 24, 35, 0, 0, 0, 0, 0, 0, 0, 0, 0, 0, 0, 0]
##BUG:NO_BUG:6:8sec:46
0:4:100:spawn(pName):0:[1, 0, 0, 0, 0, 0, 0, 0, 0, 0, 0, 0, 0, 0, 0, 0, 0, 0, 0, 0]
4:0:101:!(scala.actors.Channel@ba76,1):1:[1, 0, 0, 0, 2, 0, 0, 0, 0, 0, 0, 0, 0, 0, 0, 0, 0, 0, 0, 0]
0:4:102:kill(1):2:[3, 0, 0, 0, 2, 0, 0, 0, 0, 0, 0, 0, 0, 0, 0, 0, 0, 0, 0, 0]
4:0:103:!(scala.actors.Channel@b83f,()):3:[3, 0, 0, 0, 4, 0, 0, 0, 0, 0, 0, 0, 0, 0, 0, 0, 0, 0, 0, 0]
0:1:104:Register(pName,1):4:[5, 0, 0, 0, 4, 0, 0, 0, 0, 0, 0, 0, 0, 0, 0, 0, 0, 0, 0, 0]
0:2:105:Register(pName,1):5:[6, 0, 0, 0, 4, 0, 0, 0, 0, 0, 0, 0, 0, 0, 0, 0, 0, 0, 0, 0]
2:6:107:InsertNewForward(pName,1):6:[6, 0, 2, 0, 4, 0, 0, 0, 0, 0, 0, 0, 0, 0, 0, 0, 0, 0, 0, 0]
1:6:106:InsertNewForward(pName,1):172:[5, 2, 0, 0, 4, 0, 0, 0, 0, 0, 0, 0, 0, 0, 0, 0, 0, 0, 0, 0]
6:2:108:!(scala.actors.Channel@beec,true):173:[6, 0, 2, 0, 4, 0, 2, 0, 0, 0, 0, 0, 0, 0, 0, 0, 0, 0, 0, 0]
6:1:109:!(scala.actors.Channel@bf61,false):174:[6, 2, 2, 0, 4, 0, 4, 0, 0, 0, 0, 0, 0, 0, 0, 0, 0, 0, 0, 0]
2:7:110:Reg(1):175:[6, 0, 4, 0, 4, 0, 2, 0, 0, 0, 0, 0, 0, 0, 0, 0, 0, 0, 0, 0]
7:4:112:isProcessAlive(1):176:[6, 0, 4, 0, 4, 0, 2, 2, 0, 0, 0, 0, 0, 0, 0, 0, 0, 0, 0, 0]
4:7:113:!(scala.actors.Channel@bda6,false):177:[6, 0, 4, 0, 6, 0, 2, 2, 0, 0, 0, 0, 0, 0, 0, 0, 0, 0, 0, 0]
7:6:115:InsertNewBackward(1,samira.procreg.Monitor@bdab):178:[6, 0, 4, 0, 6, 0, 2, 5, 0, 0, 0, 0, 0, 0, 0, 0, 0, 0, 0, 0]
6:7:116:!(scala.actors.Channel@bd01,true):179:[6, 2, 4, 0, 6, 0, 6, 5, 0, 0, 0, 0, 0, 0, 0, 0, 0, 0, 0, 0]
1:7:111:Where(pName):180:[6, 4, 2, 0, 4, 0, 4, 0, 0, 0, 0, 0, 0, 0, 0, 0, 0, 0, 0, 0]
7:6:117:Lookup(pName):181:[6, 4, 4, 0, 6, 0, 6, 8, 0, 0, 0, 0, 0, 0, 0, 0, 0, 0, 0, 0]
6:7:118:!(scala.actors.Channel@bc89,1):182:[6, 4, 4, 0, 6, 0, 8, 8, 0, 0, 0, 0, 0, 0, 0, 0, 0, 0, 0, 0]
7:4:119:isProcessAlive(1):183:[6, 4, 4, 0, 6, 0, 8, 10, 0, 0, 0, 0, 0, 0, 0, 0, 0, 0, 0, 0]
4:7:120:!(scala.actors.Channel@bd01,false):184:[6, 4, 4, 0, 8, 0, 8, 10, 0, 0, 0, 0, 0, 0, 0, 0, 0, 0, 0, 0]
7:7:114:Down(1):185:[6, 0, 4, 0, 6, 0, 2, 4, 0, 0, 0, 0, 0, 0, 0, 0, 0, 0, 0, 0]
7:1:121:!(scala.actors.Channel@87d8,-1):186:[6, 4, 4, 0, 8, 0, 8, 12, 0, 0, 0, 0, 0, 0, 0, 0, 0, 0, 0, 0]
7:6:122:GetMatch(1):187:[6, 4, 4, 0, 8, 0, 8, 14, 0, 0, 0, 0, 0, 0, 0, 0, 0, 0, 0, 0]
6:7:124:!(scala.actors.Channel@bda6,Some(samira.procreg.Monitor@bdab)):188:[6, 4, 4, 0, 8, 0, 10, 14, 0, 0, 0, 0, 0, 0, 0, 0, 0, 0, 0, 0]
7:6:125:DeleteEntry(1):189:[6, 4, 4, 0, 8, 0, 10, 16, 0, 0, 0, 0, 0, 0, 0, 0, 0, 0, 0, 0]
6:7:126:!(scala.actors.Channel@bc89,()):190:[6, 4, 4, 0, 8, 0, 12, 16, 0, 0, 0, 0, 0, 0, 0, 0, 0, 0, 0, 0]
1:7:123:Audit(pName):191:[6, 6, 4, 0, 8, 0, 8, 12, 0, 0, 0, 0, 0, 0, 0, 0, 0, 0, 0, 0]
7:6:127:Lookup(pName):192:[6, 6, 4, 0, 8, 0, 12, 19, 0, 0, 0, 0, 0, 0, 0, 0, 0, 0, 0, 0]
6:7:128:!(scala.actors.Channel@bda6,-1):193:[6, 6, 4, 0, 8, 0, 14, 19, 0, 0, 0, 0, 0, 0, 0, 0, 0, 0, 0, 0]
7:4:129:isProcessAlive(-1):194:[6, 6, 4, 0, 8, 0, 14, 21, 0, 0, 0, 0, 0, 0, 0, 0, 0, 0, 0, 0]
4:7:130:!(scala.actors.Channel@bc89,false):195:[6, 6, 4, 0, 10, 0, 14, 21, 0, 0, 0, 0, 0, 0, 0, 0, 0, 0, 0, 0]
7:6:131:DeleteEntry(-1):196:[6, 6, 4, 0, 10, 0, 14, 23, 0, 0, 0, 0, 0, 0, 0, 0, 0, 0, 0, 0]
6:7:132:!(scala.actors.Channel@bd01,()):197:[6, 6, 4, 0, 10, 0, 16, 23, 0, 0, 0, 0, 0, 0, 0, 0, 0, 0, 0, 0]
7:1:133:!(scala.actors.Channel@bf61,()):198:[6, 6, 4, 0, 10, 0, 16, 25, 0, 0, 0, 0, 0, 0, 0, 0, 0, 0, 0, 0]
1:6:134:InsertNewForward(pName,1):199:[6, 8, 4, 0, 10, 0, 16, 25, 0, 0, 0, 0, 0, 0, 0, 0, 0, 0, 0, 0]
6:1:135:!(scala.actors.Channel@87d8,true):200:[6, 8, 4, 0, 10, 0, 18, 25, 0, 0, 0, 0, 0, 0, 0, 0, 0, 0, 0, 0]
1:7:136:Reg(1):201:[6, 10, 4, 0, 10, 0, 18, 25, 0, 0, 0, 0, 0, 0, 0, 0, 0, 0, 0, 0]
7:4:137:isProcessAlive(1):202:[6, 10, 4, 0, 10, 0, 18, 27, 0, 0, 0, 0, 0, 0, 0, 0, 0, 0, 0, 0]
4:7:138:!(scala.actors.Channel@bda6,false):203:[6, 10, 4, 0, 12, 0, 18, 27, 0, 0, 0, 0, 0, 0, 0, 0, 0, 0, 0, 0]
7:6:140:InsertNewBackward(1,samira.procreg.Monitor@bdab):204:[6, 10, 4, 0, 12, 0, 18, 30, 0, 0, 0, 0, 0, 0, 0, 0, 0, 0, 0, 0]
6:7:141:!(scala.actors.Channel@bd01,true):205:[6, 10, 4, 0, 12, 0, 20, 30, 0, 0, 0, 0, 0, 0, 0, 0, 0, 0, 0, 0]
7:7:139:Down(1):206:[6, 10, 4, 0, 12, 0, 18, 29, 0, 0, 0, 0, 0, 0, 0, 0, 0, 0, 0, 0]
7:6:142:GetMatch(1):207:[6, 10, 4, 0, 12, 0, 20, 33, 0, 0, 0, 0, 0, 0, 0, 0, 0, 0, 0, 0]
6:7:143:!(scala.actors.Channel@bc89,Some(samira.procreg.Monitor@bdab)):208:[6, 10, 4, 0, 12, 0, 22, 33, 0, 0, 0, 0, 0, 0, 0, 0, 0, 0, 0, 0]
7:6:144:DeleteEntry(1):209:[6, 10, 4, 0, 12, 0, 22, 35, 0, 0, 0, 0, 0, 0, 0, 0, 0, 0, 0, 0]
6:7:145:!(scala.actors.Channel@bd01,()):210:[6, 10, 4, 0, 12, 0, 24, 35, 0, 0, 0, 0, 0, 0, 0, 0, 0, 0, 0, 0]
