##BUG:TRACE_HAD_ERROR/EXCEPTION/INVALID_TERMINATION:1:1sec:8
3:2:100:Enter(sleepingbarber.Customer@bb05):0:[0, 0, 0, 1, 0, 0, 0, 0, 0, 0, 0, 0, 0, 0, 0, 0, 0, 0, 0, 0]
4:2:101:Enter(sleepingbarber.Customer@bb10):1:[0, 0, 0, 0, 1, 0, 0, 0, 0, 0, 0, 0, 0, 0, 0, 0, 0, 0, 0, 0]
5:2:102:Enter(sleepingbarber.Customer@bb2a):2:[0, 0, 0, 0, 0, 1, 0, 0, 0, 0, 0, 0, 0, 0, 0, 0, 0, 0, 0, 0]
6:2:103:Enter(sleepingbarber.Customer@bb3c):3:[0, 0, 0, 0, 0, 0, 1, 0, 0, 0, 0, 0, 0, 0, 0, 0, 0, 0, 0, 0]
2:2:104:Next:4:[0, 0, 2, 1, 0, 0, 0, 0, 0, 0, 0, 0, 0, 0, 0, 0, 0, 0, 0, 0]
2:4:105:Wait:5:[0, 0, 4, 1, 1, 0, 0, 0, 0, 0, 0, 0, 0, 0, 0, 0, 0, 0, 0, 0]
2:5:106:Wait:6:[0, 0, 6, 1, 1, 1, 0, 0, 0, 0, 0, 0, 0, 0, 0, 0, 0, 0, 0, 0]
2:6:107:Full:7:[0, 0, 8, 1, 1, 1, 1, 0, 0, 0, 0, 0, 0, 0, 0, 0, 0, 0, 0, 0]
##BUGGY_ACTORS: 1
6
##BUG:NO_BUG:2:2sec:25
3:2:100:Enter(sleepingbarber.Customer@bb05):0:[0, 0, 0, 1, 0, 0, 0, 0, 0, 0, 0, 0, 0, 0, 0, 0, 0, 0, 0, 0]
4:2:101:Enter(sleepingbarber.Customer@bb10):1:[0, 0, 0, 0, 1, 0, 0, 0, 0, 0, 0, 0, 0, 0, 0, 0, 0, 0, 0, 0]
5:2:102:Enter(sleepingbarber.Customer@bb2a):2:[0, 0, 0, 0, 0, 1, 0, 0, 0, 0, 0, 0, 0, 0, 0, 0, 0, 0, 0, 0]
2:2:104:Next:3:[0, 0, 2, 1, 0, 0, 0, 0, 0, 0, 0, 0, 0, 0, 0, 0, 0, 0, 0, 0]
6:2:103:Enter(sleepingbarber.Customer@bb3c):8:[0, 0, 0, 0, 0, 0, 1, 0, 0, 0, 0, 0, 0, 0, 0, 0, 0, 0, 0, 0]
2:4:105:Wait:9:[0, 0, 4, 1, 1, 0, 0, 0, 0, 0, 0, 0, 0, 0, 0, 0, 0, 0, 0, 0]
2:5:106:Wait:10:[0, 0, 6, 1, 1, 1, 0, 0, 0, 0, 0, 0, 0, 0, 0, 0, 0, 0, 0, 0]
2:1:107:Enter(sleepingbarber.Customer@bb2a):11:[0, 0, 8, 1, 1, 1, 0, 0, 0, 0, 0, 0, 0, 0, 0, 0, 0, 0, 0, 0]
2:6:108:Wait:12:[0, 0, 10, 1, 1, 1, 1, 0, 0, 0, 0, 0, 0, 0, 0, 0, 0, 0, 0, 0]
1:5:109:Start:13:[0, 2, 8, 1, 1, 1, 0, 0, 0, 0, 0, 0, 0, 0, 0, 0, 0, 0, 0, 0]
1:5:110:Done:14:[0, 3, 8, 1, 1, 1, 0, 0, 0, 0, 0, 0, 0, 0, 0, 0, 0, 0, 0, 0]
1:2:111:Next:15:[0, 4, 8, 1, 1, 1, 0, 0, 0, 0, 0, 0, 0, 0, 0, 0, 0, 0, 0, 0]
2:1:112:Enter(sleepingbarber.Customer@bb3c):16:[0, 4, 12, 1, 1, 1, 1, 0, 0, 0, 0, 0, 0, 0, 0, 0, 0, 0, 0, 0]
1:6:113:Start:17:[0, 6, 12, 1, 1, 1, 1, 0, 0, 0, 0, 0, 0, 0, 0, 0, 0, 0, 0, 0]
1:6:114:Done:18:[0, 7, 12, 1, 1, 1, 1, 0, 0, 0, 0, 0, 0, 0, 0, 0, 0, 0, 0, 0]
1:2:115:Next:19:[0, 8, 12, 1, 1, 1, 1, 0, 0, 0, 0, 0, 0, 0, 0, 0, 0, 0, 0, 0]
2:1:116:Enter(sleepingbarber.Customer@bb10):20:[0, 8, 14, 1, 1, 1, 1, 0, 0, 0, 0, 0, 0, 0, 0, 0, 0, 0, 0, 0]
1:4:117:Start:21:[0, 10, 14, 1, 1, 1, 1, 0, 0, 0, 0, 0, 0, 0, 0, 0, 0, 0, 0, 0]
1:4:118:Done:22:[0, 11, 14, 1, 1, 1, 1, 0, 0, 0, 0, 0, 0, 0, 0, 0, 0, 0, 0, 0]
1:2:119:Next:23:[0, 12, 14, 1, 1, 1, 1, 0, 0, 0, 0, 0, 0, 0, 0, 0, 0, 0, 0, 0]
2:1:120:Enter(sleepingbarber.Customer@bb05):24:[0, 12, 16, 1, 1, 1, 1, 0, 0, 0, 0, 0, 0, 0, 0, 0, 0, 0, 0, 0]
1:3:121:Start:25:[0, 14, 16, 1, 1, 1, 1, 0, 0, 0, 0, 0, 0, 0, 0, 0, 0, 0, 0, 0]
1:3:122:Done:26:[0, 15, 16, 1, 1, 1, 1, 0, 0, 0, 0, 0, 0, 0, 0, 0, 0, 0, 0, 0]
1:2:123:Next:27:[0, 16, 16, 1, 1, 1, 1, 0, 0, 0, 0, 0, 0, 0, 0, 0, 0, 0, 0, 0]
2:1:124:Wait:28:[0, 16, 18, 1, 1, 1, 1, 0, 0, 0, 0, 0, 0, 0, 0, 0, 0, 0, 0, 0]
##BUG:TRACE_HAD_ERROR/EXCEPTION/INVALID_TERMINATION:3:2sec:8
3:2:100:Enter(sleepingbarber.Customer@bb05):0:[0, 0, 0, 1, 0, 0, 0, 0, 0, 0, 0, 0, 0, 0, 0, 0, 0, 0, 0, 0]
4:2:101:Enter(sleepingbarber.Customer@bb10):1:[0, 0, 0, 0, 1, 0, 0, 0, 0, 0, 0, 0, 0, 0, 0, 0, 0, 0, 0, 0]
6:2:103:Enter(sleepingbarber.Customer@bb3c):2:[0, 0, 0, 0, 0, 0, 1, 0, 0, 0, 0, 0, 0, 0, 0, 0, 0, 0, 0, 0]
5:2:102:Enter(sleepingbarber.Customer@bb2a):29:[0, 0, 0, 0, 0, 1, 0, 0, 0, 0, 0, 0, 0, 0, 0, 0, 0, 0, 0, 0]
2:2:104:Next:30:[0, 0, 2, 1, 0, 0, 0, 0, 0, 0, 0, 0, 0, 0, 0, 0, 0, 0, 0, 0]
2:4:105:Wait:31:[0, 0, 4, 1, 1, 0, 0, 0, 0, 0, 0, 0, 0, 0, 0, 0, 0, 0, 0, 0]
2:6:106:Wait:32:[0, 0, 6, 1, 1, 0, 1, 0, 0, 0, 0, 0, 0, 0, 0, 0, 0, 0, 0, 0]
2:5:107:Full:33:[0, 0, 8, 1, 1, 1, 1, 0, 0, 0, 0, 0, 0, 0, 0, 0, 0, 0, 0, 0]
##BUGGY_ACTORS: 1
5
##BUG:NO_BUG:4:2sec:25
3:2:100:Enter(sleepingbarber.Customer@bb05):0:[0, 0, 0, 1, 0, 0, 0, 0, 0, 0, 0, 0, 0, 0, 0, 0, 0, 0, 0, 0]
4:2:101:Enter(sleepingbarber.Customer@bb10):1:[0, 0, 0, 0, 1, 0, 0, 0, 0, 0, 0, 0, 0, 0, 0, 0, 0, 0, 0, 0]
2:2:104:Next:2:[0, 0, 2, 1, 0, 0, 0, 0, 0, 0, 0, 0, 0, 0, 0, 0, 0, 0, 0, 0]
5:2:102:Enter(sleepingbarber.Customer@bb2a):34:[0, 0, 0, 0, 0, 1, 0, 0, 0, 0, 0, 0, 0, 0, 0, 0, 0, 0, 0, 0]
6:2:103:Enter(sleepingbarber.Customer@bb3c):35:[0, 0, 0, 0, 0, 0, 1, 0, 0, 0, 0, 0, 0, 0, 0, 0, 0, 0, 0, 0]
2:4:105:Wait:36:[0, 0, 4, 1, 1, 0, 0, 0, 0, 0, 0, 0, 0, 0, 0, 0, 0, 0, 0, 0]
2:1:106:Enter(sleepingbarber.Customer@bb10):37:[0, 0, 6, 1, 1, 0, 0, 0, 0, 0, 0, 0, 0, 0, 0, 0, 0, 0, 0, 0]
2:5:107:Wait:38:[0, 0, 8, 1, 1, 1, 0, 0, 0, 0, 0, 0, 0, 0, 0, 0, 0, 0, 0, 0]
2:6:108:Wait:39:[0, 0, 10, 1, 1, 1, 1, 0, 0, 0, 0, 0, 0, 0, 0, 0, 0, 0, 0, 0]
1:4:109:Start:40:[0, 2, 6, 1, 1, 0, 0, 0, 0, 0, 0, 0, 0, 0, 0, 0, 0, 0, 0, 0]
1:4:110:Done:41:[0, 3, 6, 1, 1, 0, 0, 0, 0, 0, 0, 0, 0, 0, 0, 0, 0, 0, 0, 0]
1:2:111:Next:42:[0, 4, 6, 1, 1, 0, 0, 0, 0, 0, 0, 0, 0, 0, 0, 0, 0, 0, 0, 0]
2:1:112:Enter(sleepingbarber.Customer@bb3c):43:[0, 4, 12, 1, 1, 1, 1, 0, 0, 0, 0, 0, 0, 0, 0, 0, 0, 0, 0, 0]
1:6:113:Start:44:[0, 6, 12, 1, 1, 1, 1, 0, 0, 0, 0, 0, 0, 0, 0, 0, 0, 0, 0, 0]
1:6:114:Done:45:[0, 7, 12, 1, 1, 1, 1, 0, 0, 0, 0, 0, 0, 0, 0, 0, 0, 0, 0, 0]
1:2:115:Next:46:[0, 8, 12, 1, 1, 1, 1, 0, 0, 0, 0, 0, 0, 0, 0, 0, 0, 0, 0, 0]
2:1:116:Enter(sleepingbarber.Customer@bb2a):47:[0, 8, 14, 1, 1, 1, 1, 0, 0, 0, 0, 0, 0, 0, 0, 0, 0, 0, 0, 0]
1:5:117:Start:48:[0, 10, 14, 1, 1, 1, 1, 0, 0, 0, 0, 0, 0, 0, 0, 0, 0, 0, 0, 0]
1:5:118:Done:49:[0, 11, 14, 1, 1, 1, 1, 0, 0, 0, 0, 0, 0, 0, 0, 0, 0, 0, 0, 0]
1:2:119:Next:50:[0, 12, 14, 1, 1, 1, 1, 0, 0, 0, 0, 0, 0, 0, 0, 0, 0, 0, 0, 0]
2:1:120:Enter(sleepingbarber.Customer@bb05):51:[0, 12, 16, 1, 1, 1, 1, 0, 0, 0, 0, 0, 0, 0, 0, 0, 0, 0, 0, 0]
1:3:121:Start:52:[0, 14, 16, 1, 1, 1, 1, 0, 0, 0, 0, 0, 0, 0, 0, 0, 0, 0, 0, 0]
1:3:122:Done:53:[0, 15, 16, 1, 1, 1, 1, 0, 0, 0, 0, 0, 0, 0, 0, 0, 0, 0, 0, 0]
1:2:123:Next:54:[0, 16, 16, 1, 1, 1, 1, 0, 0, 0, 0, 0, 0, 0, 0, 0, 0, 0, 0, 0]
2:1:124:Wait:55:[0, 16, 18, 1, 1, 1, 1, 0, 0, 0, 0, 0, 0, 0, 0, 0, 0, 0, 0, 0]
##BUG:TRACE_HAD_ERROR/EXCEPTION/INVALID_TERMINATION:5:3sec:8
3:2:100:Enter(sleepingbarber.Customer@bb05):0:[0, 0, 0, 1, 0, 0, 0, 0, 0, 0, 0, 0, 0, 0, 0, 0, 0, 0, 0, 0]
5:2:102:Enter(sleepingbarber.Customer@bb2a):1:[0, 0, 0, 0, 0, 1, 0, 0, 0, 0, 0, 0, 0, 0, 0, 0, 0, 0, 0, 0]
4:2:101:Enter(sleepingbarber.Customer@bb10):56:[0, 0, 0, 0, 1, 0, 0, 0, 0, 0, 0, 0, 0, 0, 0, 0, 0, 0, 0, 0]
6:2:103:Enter(sleepingbarber.Customer@bb3c):57:[0, 0, 0, 0, 0, 0, 1, 0, 0, 0, 0, 0, 0, 0, 0, 0, 0, 0, 0, 0]
2:2:104:Next:58:[0, 0, 2, 1, 0, 0, 0, 0, 0, 0, 0, 0, 0, 0, 0, 0, 0, 0, 0, 0]
2:5:105:Wait:59:[0, 0, 4, 1, 0, 1, 0, 0, 0, 0, 0, 0, 0, 0, 0, 0, 0, 0, 0, 0]
2:4:106:Wait:60:[0, 0, 6, 1, 1, 1, 0, 0, 0, 0, 0, 0, 0, 0, 0, 0, 0, 0, 0, 0]
2:6:107:Full:61:[0, 0, 8, 1, 1, 1, 1, 0, 0, 0, 0, 0, 0, 0, 0, 0, 0, 0, 0, 0]
##BUGGY_ACTORS: 1
6
##BUG:TRACE_HAD_ERROR/EXCEPTION/INVALID_TERMINATION:6:3sec:8
3:2:100:Enter(sleepingbarber.Customer@bb05):0:[0, 0, 0, 1, 0, 0, 0, 0, 0, 0, 0, 0, 0, 0, 0, 0, 0, 0, 0, 0]
6:2:103:Enter(sleepingbarber.Customer@bb3c):1:[0, 0, 0, 0, 0, 0, 1, 0, 0, 0, 0, 0, 0, 0, 0, 0, 0, 0, 0, 0]
4:2:101:Enter(sleepingbarber.Customer@bb10):62:[0, 0, 0, 0, 1, 0, 0, 0, 0, 0, 0, 0, 0, 0, 0, 0, 0, 0, 0, 0]
5:2:102:Enter(sleepingbarber.Customer@bb2a):63:[0, 0, 0, 0, 0, 1, 0, 0, 0, 0, 0, 0, 0, 0, 0, 0, 0, 0, 0, 0]
2:2:104:Next:64:[0, 0, 2, 1, 0, 0, 0, 0, 0, 0, 0, 0, 0, 0, 0, 0, 0, 0, 0, 0]
2:6:105:Wait:65:[0, 0, 4, 1, 0, 0, 1, 0, 0, 0, 0, 0, 0, 0, 0, 0, 0, 0, 0, 0]
2:4:106:Wait:66:[0, 0, 6, 1, 1, 0, 1, 0, 0, 0, 0, 0, 0, 0, 0, 0, 0, 0, 0, 0]
2:5:107:Full:67:[0, 0, 8, 1, 1, 1, 1, 0, 0, 0, 0, 0, 0, 0, 0, 0, 0, 0, 0, 0]
##BUGGY_ACTORS: 1
5
##BUG:NO_BUG:7:3sec:25
3:2:100:Enter(sleepingbarber.Customer@bb05):0:[0, 0, 0, 1, 0, 0, 0, 0, 0, 0, 0, 0, 0, 0, 0, 0, 0, 0, 0, 0]
2:2:104:Next:1:[0, 0, 2, 1, 0, 0, 0, 0, 0, 0, 0, 0, 0, 0, 0, 0, 0, 0, 0, 0]
4:2:101:Enter(sleepingbarber.Customer@bb10):68:[0, 0, 0, 0, 1, 0, 0, 0, 0, 0, 0, 0, 0, 0, 0, 0, 0, 0, 0, 0]
5:2:102:Enter(sleepingbarber.Customer@bb2a):69:[0, 0, 0, 0, 0, 1, 0, 0, 0, 0, 0, 0, 0, 0, 0, 0, 0, 0, 0, 0]
6:2:103:Enter(sleepingbarber.Customer@bb3c):70:[0, 0, 0, 0, 0, 0, 1, 0, 0, 0, 0, 0, 0, 0, 0, 0, 0, 0, 0, 0]
2:1:105:Enter(sleepingbarber.Customer@bb05):71:[0, 0, 4, 1, 0, 0, 0, 0, 0, 0, 0, 0, 0, 0, 0, 0, 0, 0, 0, 0]
2:4:106:Wait:72:[0, 0, 6, 1, 1, 0, 0, 0, 0, 0, 0, 0, 0, 0, 0, 0, 0, 0, 0, 0]
2:5:107:Wait:73:[0, 0, 8, 1, 1, 1, 0, 0, 0, 0, 0, 0, 0, 0, 0, 0, 0, 0, 0, 0]
2:6:108:Wait:74:[0, 0, 10, 1, 1, 1, 1, 0, 0, 0, 0, 0, 0, 0, 0, 0, 0, 0, 0, 0]
1:3:109:Start:75:[0, 2, 4, 1, 0, 0, 0, 0, 0, 0, 0, 0, 0, 0, 0, 0, 0, 0, 0, 0]
1:3:110:Done:76:[0, 3, 4, 1, 0, 0, 0, 0, 0, 0, 0, 0, 0, 0, 0, 0, 0, 0, 0, 0]
1:2:111:Next:77:[0, 4, 4, 1, 0, 0, 0, 0, 0, 0, 0, 0, 0, 0, 0, 0, 0, 0, 0, 0]
2:1:112:Enter(sleepingbarber.Customer@bb3c):78:[0, 4, 12, 1, 1, 1, 1, 0, 0, 0, 0, 0, 0, 0, 0, 0, 0, 0, 0, 0]
1:6:113:Start:79:[0, 6, 12, 1, 1, 1, 1, 0, 0, 0, 0, 0, 0, 0, 0, 0, 0, 0, 0, 0]
1:6:114:Done:80:[0, 7, 12, 1, 1, 1, 1, 0, 0, 0, 0, 0, 0, 0, 0, 0, 0, 0, 0, 0]
1:2:115:Next:81:[0, 8, 12, 1, 1, 1, 1, 0, 0, 0, 0, 0, 0, 0, 0, 0, 0, 0, 0, 0]
2:1:116:Enter(sleepingbarber.Customer@bb2a):82:[0, 8, 14, 1, 1, 1, 1, 0, 0, 0, 0, 0, 0, 0, 0, 0, 0, 0, 0, 0]
1:5:117:Start:83:[0, 10, 14, 1, 1, 1, 1, 0, 0, 0, 0, 0, 0, 0, 0, 0, 0, 0, 0, 0]
1:5:118:Done:84:[0, 11, 14, 1, 1, 1, 1, 0, 0, 0, 0, 0, 0, 0, 0, 0, 0, 0, 0, 0]
1:2:119:Next:85:[0, 12, 14, 1, 1, 1, 1, 0, 0, 0, 0, 0, 0, 0, 0, 0, 0, 0, 0, 0]
2:1:120:Enter(sleepingbarber.Customer@bb10):86:[0, 12, 16, 1, 1, 1, 1, 0, 0, 0, 0, 0, 0, 0, 0, 0, 0, 0, 0, 0]
1:4:121:Start:87:[0, 14, 16, 1, 1, 1, 1, 0, 0, 0, 0, 0, 0, 0, 0, 0, 0, 0, 0, 0]
1:4:122:Done:88:[0, 15, 16, 1, 1, 1, 1, 0, 0, 0, 0, 0, 0, 0, 0, 0, 0, 0, 0, 0]
1:2:123:Next:89:[0, 16, 16, 1, 1, 1, 1, 0, 0, 0, 0, 0, 0, 0, 0, 0, 0, 0, 0, 0]
2:1:124:Wait:90:[0, 16, 18, 1, 1, 1, 1, 0, 0, 0, 0, 0, 0, 0, 0, 0, 0, 0, 0, 0]
##BUG:TRACE_HAD_ERROR/EXCEPTION/INVALID_TERMINATION:8:3sec:8
4:2:101:Enter(sleepingbarber.Customer@bb10):0:[0, 0, 0, 0, 1, 0, 0, 0, 0, 0, 0, 0, 0, 0, 0, 0, 0, 0, 0, 0]
3:2:100:Enter(sleepingbarber.Customer@bb05):91:[0, 0, 0, 1, 0, 0, 0, 0, 0, 0, 0, 0, 0, 0, 0, 0, 0, 0, 0, 0]
5:2:102:Enter(sleepingbarber.Customer@bb2a):92:[0, 0, 0, 0, 0, 1, 0, 0, 0, 0, 0, 0, 0, 0, 0, 0, 0, 0, 0, 0]
6:2:103:Enter(sleepingbarber.Customer@bb3c):93:[0, 0, 0, 0, 0, 0, 1, 0, 0, 0, 0, 0, 0, 0, 0, 0, 0, 0, 0, 0]
2:2:104:Next:94:[0, 0, 2, 0, 1, 0, 0, 0, 0, 0, 0, 0, 0, 0, 0, 0, 0, 0, 0, 0]
2:3:105:Wait:95:[0, 0, 4, 1, 1, 0, 0, 0, 0, 0, 0, 0, 0, 0, 0, 0, 0, 0, 0, 0]
2:5:106:Wait:96:[0, 0, 6, 1, 1, 1, 0, 0, 0, 0, 0, 0, 0, 0, 0, 0, 0, 0, 0, 0]
2:6:107:Full:97:[0, 0, 8, 1, 1, 1, 1, 0, 0, 0, 0, 0, 0, 0, 0, 0, 0, 0, 0, 0]
##BUGGY_ACTORS: 1
6
##BUG:TRACE_HAD_ERROR/EXCEPTION/INVALID_TERMINATION:9:4sec:8
5:2:102:Enter(sleepingbarber.Customer@bb2a):0:[0, 0, 0, 0, 0, 1, 0, 0, 0, 0, 0, 0, 0, 0, 0, 0, 0, 0, 0, 0]
3:2:100:Enter(sleepingbarber.Customer@bb05):98:[0, 0, 0, 1, 0, 0, 0, 0, 0, 0, 0, 0, 0, 0, 0, 0, 0, 0, 0, 0]
4:2:101:Enter(sleepingbarber.Customer@bb10):99:[0, 0, 0, 0, 1, 0, 0, 0, 0, 0, 0, 0, 0, 0, 0, 0, 0, 0, 0, 0]
6:2:103:Enter(sleepingbarber.Customer@bb3c):100:[0, 0, 0, 0, 0, 0, 1, 0, 0, 0, 0, 0, 0, 0, 0, 0, 0, 0, 0, 0]
2:2:104:Next:101:[0, 0, 2, 0, 0, 1, 0, 0, 0, 0, 0, 0, 0, 0, 0, 0, 0, 0, 0, 0]
2:3:105:Wait:102:[0, 0, 4, 1, 0, 1, 0, 0, 0, 0, 0, 0, 0, 0, 0, 0, 0, 0, 0, 0]
2:4:106:Wait:103:[0, 0, 6, 1, 1, 1, 0, 0, 0, 0, 0, 0, 0, 0, 0, 0, 0, 0, 0, 0]
2:6:107:Full:104:[0, 0, 8, 1, 1, 1, 1, 0, 0, 0, 0, 0, 0, 0, 0, 0, 0, 0, 0, 0]
##BUGGY_ACTORS: 1
6
##BUG:TRACE_HAD_ERROR/EXCEPTION/INVALID_TERMINATION:10:4sec:8
6:2:103:Enter(sleepingbarber.Customer@bb3c):0:[0, 0, 0, 0, 0, 0, 1, 0, 0, 0, 0, 0, 0, 0, 0, 0, 0, 0, 0, 0]
3:2:100:Enter(sleepingbarber.Customer@bb05):105:[0, 0, 0, 1, 0, 0, 0, 0, 0, 0, 0, 0, 0, 0, 0, 0, 0, 0, 0, 0]
4:2:101:Enter(sleepingbarber.Customer@bb10):106:[0, 0, 0, 0, 1, 0, 0, 0, 0, 0, 0, 0, 0, 0, 0, 0, 0, 0, 0, 0]
5:2:102:Enter(sleepingbarber.Customer@bb2a):107:[0, 0, 0, 0, 0, 1, 0, 0, 0, 0, 0, 0, 0, 0, 0, 0, 0, 0, 0, 0]
2:2:104:Next:108:[0, 0, 2, 0, 0, 0, 1, 0, 0, 0, 0, 0, 0, 0, 0, 0, 0, 0, 0, 0]
2:3:105:Wait:109:[0, 0, 4, 1, 0, 0, 1, 0, 0, 0, 0, 0, 0, 0, 0, 0, 0, 0, 0, 0]
2:4:106:Wait:110:[0, 0, 6, 1, 1, 0, 1, 0, 0, 0, 0, 0, 0, 0, 0, 0, 0, 0, 0, 0]
2:5:107:Full:111:[0, 0, 8, 1, 1, 1, 1, 0, 0, 0, 0, 0, 0, 0, 0, 0, 0, 0, 0, 0]
##BUGGY_ACTORS: 1
5
