##BUG:TRACE_HAD_ERROR/EXCEPTION/INVALID_TERMINATION:1:1sec:7
3:2:100:Enter(sleepingbarber.Customer@bb05):0:[0, 0, 0, 1, 0, 0, 0, 0, 0, 0, 0, 0, 0, 0, 0, 0, 0, 0, 0, 0]
4:2:101:Enter(sleepingbarber.Customer@bb10):1:[0, 0, 0, 0, 1, 0, 0, 0, 0, 0, 0, 0, 0, 0, 0, 0, 0, 0, 0, 0]
2:4:105:Wait:2:[0, 0, 4, 1, 1, 0, 0, 0, 0, 0, 0, 0, 0, 0, 0, 0, 0, 0, 0, 0]
5:2:102:Enter(sleepingbarber.Customer@bb2a):3:[0, 0, 0, 0, 0, 1, 0, 0, 0, 0, 0, 0, 0, 0, 0, 0, 0, 0, 0, 0]
2:5:106:Wait:4:[0, 0, 6, 1, 1, 1, 0, 0, 0, 0, 0, 0, 0, 0, 0, 0, 0, 0, 0, 0]
6:2:103:Enter(sleepingbarber.Customer@bb3c):5:[0, 0, 0, 0, 0, 0, 1, 0, 0, 0, 0, 0, 0, 0, 0, 0, 0, 0, 0, 0]
2:6:107:Full:6:[0, 0, 8, 1, 1, 1, 1, 0, 0, 0, 0, 0, 0, 0, 0, 0, 0, 0, 0, 0]
##BUGGY_ACTORS: 1
6
##BUG:NO_BUG:2:2sec:25
3:2:100:Enter(sleepingbarber.Customer@bb05):0:[0, 0, 0, 1, 0, 0, 0, 0, 0, 0, 0, 0, 0, 0, 0, 0, 0, 0, 0, 0]
4:2:101:Enter(sleepingbarber.Customer@bb10):1:[0, 0, 0, 0, 1, 0, 0, 0, 0, 0, 0, 0, 0, 0, 0, 0, 0, 0, 0, 0]
2:4:105:Wait:2:[0, 0, 4, 1, 1, 0, 0, 0, 0, 0, 0, 0, 0, 0, 0, 0, 0, 0, 0, 0]
5:2:102:Enter(sleepingbarber.Customer@bb2a):3:[0, 0, 0, 0, 0, 1, 0, 0, 0, 0, 0, 0, 0, 0, 0, 0, 0, 0, 0, 0]
2:5:106:Wait:4:[0, 0, 6, 1, 1, 1, 0, 0, 0, 0, 0, 0, 0, 0, 0, 0, 0, 0, 0, 0]
2:2:104:Next:5:[0, 0, 2, 1, 0, 0, 0, 0, 0, 0, 0, 0, 0, 0, 0, 0, 0, 0, 0, 0]
2:1:107:Enter(sleepingbarber.Customer@bb2a):7:[0, 0, 8, 1, 1, 1, 0, 0, 0, 0, 0, 0, 0, 0, 0, 0, 0, 0, 0, 0]
6:2:103:Enter(sleepingbarber.Customer@bb3c):8:[0, 0, 0, 0, 0, 0, 1, 0, 0, 0, 0, 0, 0, 0, 0, 0, 0, 0, 0, 0]
2:6:111:Wait:9:[0, 0, 10, 1, 1, 1, 1, 0, 0, 0, 0, 0, 0, 0, 0, 0, 0, 0, 0, 0]
1:2:110:Next:10:[0, 4, 8, 1, 1, 1, 0, 0, 0, 0, 0, 0, 0, 0, 0, 0, 0, 0, 0, 0]
2:1:112:Enter(sleepingbarber.Customer@bb3c):11:[0, 4, 12, 1, 1, 1, 1, 0, 0, 0, 0, 0, 0, 0, 0, 0, 0, 0, 0, 0]
1:2:115:Next:12:[0, 8, 12, 1, 1, 1, 1, 0, 0, 0, 0, 0, 0, 0, 0, 0, 0, 0, 0, 0]
2:1:116:Enter(sleepingbarber.Customer@bb10):13:[0, 8, 14, 1, 1, 1, 1, 0, 0, 0, 0, 0, 0, 0, 0, 0, 0, 0, 0, 0]
1:2:119:Next:14:[0, 12, 14, 1, 1, 1, 1, 0, 0, 0, 0, 0, 0, 0, 0, 0, 0, 0, 0, 0]
2:1:120:Enter(sleepingbarber.Customer@bb05):15:[0, 12, 16, 1, 1, 1, 1, 0, 0, 0, 0, 0, 0, 0, 0, 0, 0, 0, 0, 0]
1:2:123:Next:16:[0, 16, 16, 1, 1, 1, 1, 0, 0, 0, 0, 0, 0, 0, 0, 0, 0, 0, 0, 0]
2:1:124:Wait:17:[0, 16, 18, 1, 1, 1, 1, 0, 0, 0, 0, 0, 0, 0, 0, 0, 0, 0, 0, 0]
1:3:121:Start:18:[0, 14, 16, 1, 1, 1, 1, 0, 0, 0, 0, 0, 0, 0, 0, 0, 0, 0, 0, 0]
1:3:122:Done:19:[0, 15, 16, 1, 1, 1, 1, 0, 0, 0, 0, 0, 0, 0, 0, 0, 0, 0, 0, 0]
1:4:117:Start:20:[0, 10, 14, 1, 1, 1, 1, 0, 0, 0, 0, 0, 0, 0, 0, 0, 0, 0, 0, 0]
1:4:118:Done:21:[0, 11, 14, 1, 1, 1, 1, 0, 0, 0, 0, 0, 0, 0, 0, 0, 0, 0, 0, 0]
1:6:113:Start:22:[0, 6, 12, 1, 1, 1, 1, 0, 0, 0, 0, 0, 0, 0, 0, 0, 0, 0, 0, 0]
1:6:114:Done:23:[0, 7, 12, 1, 1, 1, 1, 0, 0, 0, 0, 0, 0, 0, 0, 0, 0, 0, 0, 0]
1:5:108:Start:24:[0, 2, 8, 1, 1, 1, 0, 0, 0, 0, 0, 0, 0, 0, 0, 0, 0, 0, 0, 0]
1:5:109:Done:25:[0, 3, 8, 1, 1, 1, 0, 0, 0, 0, 0, 0, 0, 0, 0, 0, 0, 0, 0, 0]
##BUG:TRACE_HAD_ERROR/EXCEPTION/INVALID_TERMINATION:3:2sec:6
3:2:100:Enter(sleepingbarber.Customer@bb05):0:[0, 0, 0, 1, 0, 0, 0, 0, 0, 0, 0, 0, 0, 0, 0, 0, 0, 0, 0, 0]
4:2:101:Enter(sleepingbarber.Customer@bb10):1:[0, 0, 0, 0, 1, 0, 0, 0, 0, 0, 0, 0, 0, 0, 0, 0, 0, 0, 0, 0]
2:4:105:Wait:2:[0, 0, 4, 1, 1, 0, 0, 0, 0, 0, 0, 0, 0, 0, 0, 0, 0, 0, 0, 0]
5:2:102:Enter(sleepingbarber.Customer@bb2a):3:[0, 0, 0, 0, 0, 1, 0, 0, 0, 0, 0, 0, 0, 0, 0, 0, 0, 0, 0, 0]
6:2:103:Enter(sleepingbarber.Customer@bb3c):4:[0, 0, 0, 0, 0, 0, 1, 0, 0, 0, 0, 0, 0, 0, 0, 0, 0, 0, 0, 0]
2:6:107:Full:26:[0, 0, 8, 1, 1, 1, 1, 0, 0, 0, 0, 0, 0, 0, 0, 0, 0, 0, 0, 0]
##BUGGY_ACTORS: 1
6
##BUG:NO_BUG:4:2sec:25
3:2:100:Enter(sleepingbarber.Customer@bb05):0:[0, 0, 0, 1, 0, 0, 0, 0, 0, 0, 0, 0, 0, 0, 0, 0, 0, 0, 0, 0]
4:2:101:Enter(sleepingbarber.Customer@bb10):1:[0, 0, 0, 0, 1, 0, 0, 0, 0, 0, 0, 0, 0, 0, 0, 0, 0, 0, 0, 0]
2:4:105:Wait:2:[0, 0, 4, 1, 1, 0, 0, 0, 0, 0, 0, 0, 0, 0, 0, 0, 0, 0, 0, 0]
5:2:102:Enter(sleepingbarber.Customer@bb2a):3:[0, 0, 0, 0, 0, 1, 0, 0, 0, 0, 0, 0, 0, 0, 0, 0, 0, 0, 0, 0]
2:2:104:Next:4:[0, 0, 2, 1, 0, 0, 0, 0, 0, 0, 0, 0, 0, 0, 0, 0, 0, 0, 0, 0]
2:1:107:Enter(sleepingbarber.Customer@bb2a):27:[0, 0, 8, 1, 1, 1, 0, 0, 0, 0, 0, 0, 0, 0, 0, 0, 0, 0, 0, 0]
6:2:103:Enter(sleepingbarber.Customer@bb3c):28:[0, 0, 0, 0, 0, 0, 1, 0, 0, 0, 0, 0, 0, 0, 0, 0, 0, 0, 0, 0]
2:6:111:Wait:29:[0, 0, 10, 1, 1, 1, 1, 0, 0, 0, 0, 0, 0, 0, 0, 0, 0, 0, 0, 0]
1:2:110:Next:30:[0, 4, 8, 1, 1, 1, 0, 0, 0, 0, 0, 0, 0, 0, 0, 0, 0, 0, 0, 0]
2:1:112:Enter(sleepingbarber.Customer@bb3c):31:[0, 4, 12, 1, 1, 1, 1, 0, 0, 0, 0, 0, 0, 0, 0, 0, 0, 0, 0, 0]
1:2:115:Next:32:[0, 8, 12, 1, 1, 1, 1, 0, 0, 0, 0, 0, 0, 0, 0, 0, 0, 0, 0, 0]
2:1:116:Enter(sleepingbarber.Customer@bb10):33:[0, 8, 14, 1, 1, 1, 1, 0, 0, 0, 0, 0, 0, 0, 0, 0, 0, 0, 0, 0]
1:2:119:Next:34:[0, 12, 14, 1, 1, 1, 1, 0, 0, 0, 0, 0, 0, 0, 0, 0, 0, 0, 0, 0]
2:1:120:Enter(sleepingbarber.Customer@bb05):35:[0, 12, 16, 1, 1, 1, 1, 0, 0, 0, 0, 0, 0, 0, 0, 0, 0, 0, 0, 0]
1:2:123:Next:36:[0, 16, 16, 1, 1, 1, 1, 0, 0, 0, 0, 0, 0, 0, 0, 0, 0, 0, 0, 0]
2:1:124:Wait:37:[0, 16, 18, 1, 1, 1, 1, 0, 0, 0, 0, 0, 0, 0, 0, 0, 0, 0, 0, 0]
1:3:121:Start:38:[0, 14, 16, 1, 1, 1, 1, 0, 0, 0, 0, 0, 0, 0, 0, 0, 0, 0, 0, 0]
1:3:122:Done:39:[0, 15, 16, 1, 1, 1, 1, 0, 0, 0, 0, 0, 0, 0, 0, 0, 0, 0, 0, 0]
1:4:117:Start:40:[0, 10, 14, 1, 1, 1, 1, 0, 0, 0, 0, 0, 0, 0, 0, 0, 0, 0, 0, 0]
1:4:118:Done:41:[0, 11, 14, 1, 1, 1, 1, 0, 0, 0, 0, 0, 0, 0, 0, 0, 0, 0, 0, 0]
1:6:113:Start:42:[0, 6, 12, 1, 1, 1, 1, 0, 0, 0, 0, 0, 0, 0, 0, 0, 0, 0, 0, 0]
1:6:114:Done:43:[0, 7, 12, 1, 1, 1, 1, 0, 0, 0, 0, 0, 0, 0, 0, 0, 0, 0, 0, 0]
2:5:106:Wait:44:[0, 0, 6, 1, 1, 1, 0, 0, 0, 0, 0, 0, 0, 0, 0, 0, 0, 0, 0, 0]
1:5:108:Start:45:[0, 2, 8, 1, 1, 1, 0, 0, 0, 0, 0, 0, 0, 0, 0, 0, 0, 0, 0, 0]
1:5:109:Done:46:[0, 3, 8, 1, 1, 1, 0, 0, 0, 0, 0, 0, 0, 0, 0, 0, 0, 0, 0, 0]
##BUG:TRACE_HAD_ERROR/EXCEPTION/INVALID_TERMINATION:5:2sec:7
3:2:100:Enter(sleepingbarber.Customer@bb05):0:[0, 0, 0, 1, 0, 0, 0, 0, 0, 0, 0, 0, 0, 0, 0, 0, 0, 0, 0, 0]
4:2:101:Enter(sleepingbarber.Customer@bb10):1:[0, 0, 0, 0, 1, 0, 0, 0, 0, 0, 0, 0, 0, 0, 0, 0, 0, 0, 0, 0]
2:4:105:Wait:2:[0, 0, 4, 1, 1, 0, 0, 0, 0, 0, 0, 0, 0, 0, 0, 0, 0, 0, 0, 0]
6:2:103:Enter(sleepingbarber.Customer@bb3c):3:[0, 0, 0, 0, 0, 0, 1, 0, 0, 0, 0, 0, 0, 0, 0, 0, 0, 0, 0, 0]
2:6:106:Wait:47:[0, 0, 6, 1, 1, 0, 1, 0, 0, 0, 0, 0, 0, 0, 0, 0, 0, 0, 0, 0]
5:2:102:Enter(sleepingbarber.Customer@bb2a):48:[0, 0, 0, 0, 0, 1, 0, 0, 0, 0, 0, 0, 0, 0, 0, 0, 0, 0, 0, 0]
2:5:107:Full:49:[0, 0, 8, 1, 1, 1, 1, 0, 0, 0, 0, 0, 0, 0, 0, 0, 0, 0, 0, 0]
##BUGGY_ACTORS: 1
5
##BUG:NO_BUG:6:3sec:25
3:2:100:Enter(sleepingbarber.Customer@bb05):0:[0, 0, 0, 1, 0, 0, 0, 0, 0, 0, 0, 0, 0, 0, 0, 0, 0, 0, 0, 0]
4:2:101:Enter(sleepingbarber.Customer@bb10):1:[0, 0, 0, 0, 1, 0, 0, 0, 0, 0, 0, 0, 0, 0, 0, 0, 0, 0, 0, 0]
2:4:105:Wait:2:[0, 0, 4, 1, 1, 0, 0, 0, 0, 0, 0, 0, 0, 0, 0, 0, 0, 0, 0, 0]
2:2:104:Next:3:[0, 0, 2, 1, 0, 0, 0, 0, 0, 0, 0, 0, 0, 0, 0, 0, 0, 0, 0, 0]
2:1:106:Enter(sleepingbarber.Customer@bb10):50:[0, 0, 6, 1, 1, 0, 0, 0, 0, 0, 0, 0, 0, 0, 0, 0, 0, 0, 0, 0]
5:2:102:Enter(sleepingbarber.Customer@bb2a):51:[0, 0, 0, 0, 0, 1, 0, 0, 0, 0, 0, 0, 0, 0, 0, 0, 0, 0, 0, 0]
2:5:110:Wait:52:[0, 0, 8, 1, 1, 1, 0, 0, 0, 0, 0, 0, 0, 0, 0, 0, 0, 0, 0, 0]
6:2:103:Enter(sleepingbarber.Customer@bb3c):53:[0, 0, 0, 0, 0, 0, 1, 0, 0, 0, 0, 0, 0, 0, 0, 0, 0, 0, 0, 0]
2:6:111:Wait:54:[0, 0, 10, 1, 1, 1, 1, 0, 0, 0, 0, 0, 0, 0, 0, 0, 0, 0, 0, 0]
1:2:109:Next:55:[0, 4, 6, 1, 1, 0, 0, 0, 0, 0, 0, 0, 0, 0, 0, 0, 0, 0, 0, 0]
2:1:112:Enter(sleepingbarber.Customer@bb3c):56:[0, 4, 12, 1, 1, 1, 1, 0, 0, 0, 0, 0, 0, 0, 0, 0, 0, 0, 0, 0]
1:2:115:Next:57:[0, 8, 12, 1, 1, 1, 1, 0, 0, 0, 0, 0, 0, 0, 0, 0, 0, 0, 0, 0]
2:1:116:Enter(sleepingbarber.Customer@bb2a):58:[0, 8, 14, 1, 1, 1, 1, 0, 0, 0, 0, 0, 0, 0, 0, 0, 0, 0, 0, 0]
1:2:119:Next:59:[0, 12, 14, 1, 1, 1, 1, 0, 0, 0, 0, 0, 0, 0, 0, 0, 0, 0, 0, 0]
2:1:120:Enter(sleepingbarber.Customer@bb05):60:[0, 12, 16, 1, 1, 1, 1, 0, 0, 0, 0, 0, 0, 0, 0, 0, 0, 0, 0, 0]
1:2:123:Next:61:[0, 16, 16, 1, 1, 1, 1, 0, 0, 0, 0, 0, 0, 0, 0, 0, 0, 0, 0, 0]
2:1:124:Wait:62:[0, 16, 18, 1, 1, 1, 1, 0, 0, 0, 0, 0, 0, 0, 0, 0, 0, 0, 0, 0]
1:3:121:Start:63:[0, 14, 16, 1, 1, 1, 1, 0, 0, 0, 0, 0, 0, 0, 0, 0, 0, 0, 0, 0]
1:3:122:Done:64:[0, 15, 16, 1, 1, 1, 1, 0, 0, 0, 0, 0, 0, 0, 0, 0, 0, 0, 0, 0]
1:5:117:Start:65:[0, 10, 14, 1, 1, 1, 1, 0, 0, 0, 0, 0, 0, 0, 0, 0, 0, 0, 0, 0]
1:5:118:Done:66:[0, 11, 14, 1, 1, 1, 1, 0, 0, 0, 0, 0, 0, 0, 0, 0, 0, 0, 0, 0]
1:6:113:Start:67:[0, 6, 12, 1, 1, 1, 1, 0, 0, 0, 0, 0, 0, 0, 0, 0, 0, 0, 0, 0]
1:6:114:Done:68:[0, 7, 12, 1, 1, 1, 1, 0, 0, 0, 0, 0, 0, 0, 0, 0, 0, 0, 0, 0]
1:4:107:Start:69:[0, 2, 6, 1, 1, 0, 0, 0, 0, 0, 0, 0, 0, 0, 0, 0, 0, 0, 0, 0]
1:4:108:Done:70:[0, 3, 6, 1, 1, 0, 0, 0, 0, 0, 0, 0, 0, 0, 0, 0, 0, 0, 0, 0]
##BUG:TRACE_HAD_ERROR/EXCEPTION/INVALID_TERMINATION:7:3sec:7
3:2:100:Enter(sleepingbarber.Customer@bb05):0:[0, 0, 0, 1, 0, 0, 0, 0, 0, 0, 0, 0, 0, 0, 0, 0, 0, 0, 0, 0]
4:2:101:Enter(sleepingbarber.Customer@bb10):1:[0, 0, 0, 0, 1, 0, 0, 0, 0, 0, 0, 0, 0, 0, 0, 0, 0, 0, 0, 0]
5:2:102:Enter(sleepingbarber.Customer@bb2a):2:[0, 0, 0, 0, 0, 1, 0, 0, 0, 0, 0, 0, 0, 0, 0, 0, 0, 0, 0, 0]
2:5:106:Wait:71:[0, 0, 6, 1, 1, 1, 0, 0, 0, 0, 0, 0, 0, 0, 0, 0, 0, 0, 0, 0]
2:4:105:Wait:72:[0, 0, 4, 1, 1, 0, 0, 0, 0, 0, 0, 0, 0, 0, 0, 0, 0, 0, 0, 0]
6:2:103:Enter(sleepingbarber.Customer@bb3c):73:[0, 0, 0, 0, 0, 0, 1, 0, 0, 0, 0, 0, 0, 0, 0, 0, 0, 0, 0, 0]
2:6:107:Full:74:[0, 0, 8, 1, 1, 1, 1, 0, 0, 0, 0, 0, 0, 0, 0, 0, 0, 0, 0, 0]
##BUGGY_ACTORS: 1
6
##BUG:TRACE_HAD_ERROR/EXCEPTION/INVALID_TERMINATION:8:3sec:7
3:2:100:Enter(sleepingbarber.Customer@bb05):0:[0, 0, 0, 1, 0, 0, 0, 0, 0, 0, 0, 0, 0, 0, 0, 0, 0, 0, 0, 0]
4:2:101:Enter(sleepingbarber.Customer@bb10):1:[0, 0, 0, 0, 1, 0, 0, 0, 0, 0, 0, 0, 0, 0, 0, 0, 0, 0, 0, 0]
6:2:103:Enter(sleepingbarber.Customer@bb3c):2:[0, 0, 0, 0, 0, 0, 1, 0, 0, 0, 0, 0, 0, 0, 0, 0, 0, 0, 0, 0]
2:6:106:Wait:75:[0, 0, 6, 1, 1, 0, 1, 0, 0, 0, 0, 0, 0, 0, 0, 0, 0, 0, 0, 0]
2:4:105:Wait:76:[0, 0, 4, 1, 1, 0, 0, 0, 0, 0, 0, 0, 0, 0, 0, 0, 0, 0, 0, 0]
5:2:102:Enter(sleepingbarber.Customer@bb2a):77:[0, 0, 0, 0, 0, 1, 0, 0, 0, 0, 0, 0, 0, 0, 0, 0, 0, 0, 0, 0]
2:5:107:Full:78:[0, 0, 8, 1, 1, 1, 1, 0, 0, 0, 0, 0, 0, 0, 0, 0, 0, 0, 0, 0]
##BUGGY_ACTORS: 1
5
##BUG:NO_BUG:9:4sec:25
3:2:100:Enter(sleepingbarber.Customer@bb05):0:[0, 0, 0, 1, 0, 0, 0, 0, 0, 0, 0, 0, 0, 0, 0, 0, 0, 0, 0, 0]
4:2:101:Enter(sleepingbarber.Customer@bb10):1:[0, 0, 0, 0, 1, 0, 0, 0, 0, 0, 0, 0, 0, 0, 0, 0, 0, 0, 0, 0]
2:2:104:Next:2:[0, 0, 2, 1, 0, 0, 0, 0, 0, 0, 0, 0, 0, 0, 0, 0, 0, 0, 0, 0]
2:1:106:Enter(sleepingbarber.Customer@bb10):79:[0, 0, 6, 1, 1, 0, 0, 0, 0, 0, 0, 0, 0, 0, 0, 0, 0, 0, 0, 0]
5:2:102:Enter(sleepingbarber.Customer@bb2a):80:[0, 0, 0, 0, 0, 1, 0, 0, 0, 0, 0, 0, 0, 0, 0, 0, 0, 0, 0, 0]
2:5:110:Wait:81:[0, 0, 8, 1, 1, 1, 0, 0, 0, 0, 0, 0, 0, 0, 0, 0, 0, 0, 0, 0]
6:2:103:Enter(sleepingbarber.Customer@bb3c):82:[0, 0, 0, 0, 0, 0, 1, 0, 0, 0, 0, 0, 0, 0, 0, 0, 0, 0, 0, 0]
2:6:111:Wait:83:[0, 0, 10, 1, 1, 1, 1, 0, 0, 0, 0, 0, 0, 0, 0, 0, 0, 0, 0, 0]
1:2:109:Next:84:[0, 4, 6, 1, 1, 0, 0, 0, 0, 0, 0, 0, 0, 0, 0, 0, 0, 0, 0, 0]
2:1:112:Enter(sleepingbarber.Customer@bb3c):85:[0, 4, 12, 1, 1, 1, 1, 0, 0, 0, 0, 0, 0, 0, 0, 0, 0, 0, 0, 0]
1:2:115:Next:86:[0, 8, 12, 1, 1, 1, 1, 0, 0, 0, 0, 0, 0, 0, 0, 0, 0, 0, 0, 0]
2:1:116:Enter(sleepingbarber.Customer@bb2a):87:[0, 8, 14, 1, 1, 1, 1, 0, 0, 0, 0, 0, 0, 0, 0, 0, 0, 0, 0, 0]
1:2:119:Next:88:[0, 12, 14, 1, 1, 1, 1, 0, 0, 0, 0, 0, 0, 0, 0, 0, 0, 0, 0, 0]
2:1:120:Enter(sleepingbarber.Customer@bb05):89:[0, 12, 16, 1, 1, 1, 1, 0, 0, 0, 0, 0, 0, 0, 0, 0, 0, 0, 0, 0]
1:2:123:Next:90:[0, 16, 16, 1, 1, 1, 1, 0, 0, 0, 0, 0, 0, 0, 0, 0, 0, 0, 0, 0]
2:1:124:Wait:91:[0, 16, 18, 1, 1, 1, 1, 0, 0, 0, 0, 0, 0, 0, 0, 0, 0, 0, 0, 0]
1:3:121:Start:92:[0, 14, 16, 1, 1, 1, 1, 0, 0, 0, 0, 0, 0, 0, 0, 0, 0, 0, 0, 0]
1:3:122:Done:93:[0, 15, 16, 1, 1, 1, 1, 0, 0, 0, 0, 0, 0, 0, 0, 0, 0, 0, 0, 0]
1:5:117:Start:94:[0, 10, 14, 1, 1, 1, 1, 0, 0, 0, 0, 0, 0, 0, 0, 0, 0, 0, 0, 0]
1:5:118:Done:95:[0, 11, 14, 1, 1, 1, 1, 0, 0, 0, 0, 0, 0, 0, 0, 0, 0, 0, 0, 0]
1:6:113:Start:96:[0, 6, 12, 1, 1, 1, 1, 0, 0, 0, 0, 0, 0, 0, 0, 0, 0, 0, 0, 0]
1:6:114:Done:97:[0, 7, 12, 1, 1, 1, 1, 0, 0, 0, 0, 0, 0, 0, 0, 0, 0, 0, 0, 0]
2:4:105:Wait:98:[0, 0, 4, 1, 1, 0, 0, 0, 0, 0, 0, 0, 0, 0, 0, 0, 0, 0, 0, 0]
1:4:107:Start:99:[0, 2, 6, 1, 1, 0, 0, 0, 0, 0, 0, 0, 0, 0, 0, 0, 0, 0, 0, 0]
1:4:108:Done:100:[0, 3, 6, 1, 1, 0, 0, 0, 0, 0, 0, 0, 0, 0, 0, 0, 0, 0, 0, 0]
##BUG:TRACE_HAD_ERROR/EXCEPTION/INVALID_TERMINATION:10:4sec:7
3:2:100:Enter(sleepingbarber.Customer@bb05):0:[0, 0, 0, 1, 0, 0, 0, 0, 0, 0, 0, 0, 0, 0, 0, 0, 0, 0, 0, 0]
5:2:102:Enter(sleepingbarber.Customer@bb2a):1:[0, 0, 0, 0, 0, 1, 0, 0, 0, 0, 0, 0, 0, 0, 0, 0, 0, 0, 0, 0]
2:5:105:Wait:101:[0, 0, 4, 1, 0, 1, 0, 0, 0, 0, 0, 0, 0, 0, 0, 0, 0, 0, 0, 0]
4:2:101:Enter(sleepingbarber.Customer@bb10):102:[0, 0, 0, 0, 1, 0, 0, 0, 0, 0, 0, 0, 0, 0, 0, 0, 0, 0, 0, 0]
2:4:106:Wait:103:[0, 0, 6, 1, 1, 1, 0, 0, 0, 0, 0, 0, 0, 0, 0, 0, 0, 0, 0, 0]
6:2:103:Enter(sleepingbarber.Customer@bb3c):104:[0, 0, 0, 0, 0, 0, 1, 0, 0, 0, 0, 0, 0, 0, 0, 0, 0, 0, 0, 0]
2:6:107:Full:105:[0, 0, 8, 1, 1, 1, 1, 0, 0, 0, 0, 0, 0, 0, 0, 0, 0, 0, 0, 0]
##BUGGY_ACTORS: 1
6
##BUG:TRACE_HAD_ERROR/EXCEPTION/INVALID_TERMINATION:11:4sec:7
3:2:100:Enter(sleepingbarber.Customer@bb05):0:[0, 0, 0, 1, 0, 0, 0, 0, 0, 0, 0, 0, 0, 0, 0, 0, 0, 0, 0, 0]
6:2:103:Enter(sleepingbarber.Customer@bb3c):1:[0, 0, 0, 0, 0, 0, 1, 0, 0, 0, 0, 0, 0, 0, 0, 0, 0, 0, 0, 0]
2:6:105:Wait:106:[0, 0, 4, 1, 0, 0, 1, 0, 0, 0, 0, 0, 0, 0, 0, 0, 0, 0, 0, 0]
4:2:101:Enter(sleepingbarber.Customer@bb10):107:[0, 0, 0, 0, 1, 0, 0, 0, 0, 0, 0, 0, 0, 0, 0, 0, 0, 0, 0, 0]
2:4:106:Wait:108:[0, 0, 6, 1, 1, 0, 1, 0, 0, 0, 0, 0, 0, 0, 0, 0, 0, 0, 0, 0]
5:2:102:Enter(sleepingbarber.Customer@bb2a):109:[0, 0, 0, 0, 0, 1, 0, 0, 0, 0, 0, 0, 0, 0, 0, 0, 0, 0, 0, 0]
2:5:107:Full:110:[0, 0, 8, 1, 1, 1, 1, 0, 0, 0, 0, 0, 0, 0, 0, 0, 0, 0, 0, 0]
##BUGGY_ACTORS: 1
5
##BUG:NO_BUG:12:4sec:25
3:2:100:Enter(sleepingbarber.Customer@bb05):0:[0, 0, 0, 1, 0, 0, 0, 0, 0, 0, 0, 0, 0, 0, 0, 0, 0, 0, 0, 0]
2:2:104:Next:1:[0, 0, 2, 1, 0, 0, 0, 0, 0, 0, 0, 0, 0, 0, 0, 0, 0, 0, 0, 0]
2:1:105:Enter(sleepingbarber.Customer@bb05):111:[0, 0, 4, 1, 0, 0, 0, 0, 0, 0, 0, 0, 0, 0, 0, 0, 0, 0, 0, 0]
4:2:101:Enter(sleepingbarber.Customer@bb10):112:[0, 0, 0, 0, 1, 0, 0, 0, 0, 0, 0, 0, 0, 0, 0, 0, 0, 0, 0, 0]
2:4:109:Wait:113:[0, 0, 6, 1, 1, 0, 0, 0, 0, 0, 0, 0, 0, 0, 0, 0, 0, 0, 0, 0]
5:2:102:Enter(sleepingbarber.Customer@bb2a):114:[0, 0, 0, 0, 0, 1, 0, 0, 0, 0, 0, 0, 0, 0, 0, 0, 0, 0, 0, 0]
2:5:110:Wait:115:[0, 0, 8, 1, 1, 1, 0, 0, 0, 0, 0, 0, 0, 0, 0, 0, 0, 0, 0, 0]
6:2:103:Enter(sleepingbarber.Customer@bb3c):116:[0, 0, 0, 0, 0, 0, 1, 0, 0, 0, 0, 0, 0, 0, 0, 0, 0, 0, 0, 0]
2:6:111:Wait:117:[0, 0, 10, 1, 1, 1, 1, 0, 0, 0, 0, 0, 0, 0, 0, 0, 0, 0, 0, 0]
1:2:108:Next:118:[0, 4, 4, 1, 0, 0, 0, 0, 0, 0, 0, 0, 0, 0, 0, 0, 0, 0, 0, 0]
2:1:112:Enter(sleepingbarber.Customer@bb3c):119:[0, 4, 12, 1, 1, 1, 1, 0, 0, 0, 0, 0, 0, 0, 0, 0, 0, 0, 0, 0]
1:2:115:Next:120:[0, 8, 12, 1, 1, 1, 1, 0, 0, 0, 0, 0, 0, 0, 0, 0, 0, 0, 0, 0]
2:1:116:Enter(sleepingbarber.Customer@bb2a):121:[0, 8, 14, 1, 1, 1, 1, 0, 0, 0, 0, 0, 0, 0, 0, 0, 0, 0, 0, 0]
1:2:119:Next:122:[0, 12, 14, 1, 1, 1, 1, 0, 0, 0, 0, 0, 0, 0, 0, 0, 0, 0, 0, 0]
2:1:120:Enter(sleepingbarber.Customer@bb10):123:[0, 12, 16, 1, 1, 1, 1, 0, 0, 0, 0, 0, 0, 0, 0, 0, 0, 0, 0, 0]
1:2:123:Next:124:[0, 16, 16, 1, 1, 1, 1, 0, 0, 0, 0, 0, 0, 0, 0, 0, 0, 0, 0, 0]
2:1:124:Wait:125:[0, 16, 18, 1, 1, 1, 1, 0, 0, 0, 0, 0, 0, 0, 0, 0, 0, 0, 0, 0]
1:4:121:Start:126:[0, 14, 16, 1, 1, 1, 1, 0, 0, 0, 0, 0, 0, 0, 0, 0, 0, 0, 0, 0]
1:4:122:Done:127:[0, 15, 16, 1, 1, 1, 1, 0, 0, 0, 0, 0, 0, 0, 0, 0, 0, 0, 0, 0]
1:5:117:Start:128:[0, 10, 14, 1, 1, 1, 1, 0, 0, 0, 0, 0, 0, 0, 0, 0, 0, 0, 0, 0]
1:5:118:Done:129:[0, 11, 14, 1, 1, 1, 1, 0, 0, 0, 0, 0, 0, 0, 0, 0, 0, 0, 0, 0]
1:6:113:Start:130:[0, 6, 12, 1, 1, 1, 1, 0, 0, 0, 0, 0, 0, 0, 0, 0, 0, 0, 0, 0]
1:6:114:Done:131:[0, 7, 12, 1, 1, 1, 1, 0, 0, 0, 0, 0, 0, 0, 0, 0, 0, 0, 0, 0]
1:3:106:Start:132:[0, 2, 4, 1, 0, 0, 0, 0, 0, 0, 0, 0, 0, 0, 0, 0, 0, 0, 0, 0]
1:3:107:Done:133:[0, 3, 4, 1, 0, 0, 0, 0, 0, 0, 0, 0, 0, 0, 0, 0, 0, 0, 0, 0]
##BUG:TRACE_HAD_ERROR/EXCEPTION/INVALID_TERMINATION:13:5sec:7
4:2:101:Enter(sleepingbarber.Customer@bb10):0:[0, 0, 0, 0, 1, 0, 0, 0, 0, 0, 0, 0, 0, 0, 0, 0, 0, 0, 0, 0]
3:2:100:Enter(sleepingbarber.Customer@bb05):134:[0, 0, 0, 1, 0, 0, 0, 0, 0, 0, 0, 0, 0, 0, 0, 0, 0, 0, 0, 0]
2:3:105:Wait:135:[0, 0, 4, 1, 1, 0, 0, 0, 0, 0, 0, 0, 0, 0, 0, 0, 0, 0, 0, 0]
5:2:102:Enter(sleepingbarber.Customer@bb2a):136:[0, 0, 0, 0, 0, 1, 0, 0, 0, 0, 0, 0, 0, 0, 0, 0, 0, 0, 0, 0]
2:5:106:Wait:137:[0, 0, 6, 1, 1, 1, 0, 0, 0, 0, 0, 0, 0, 0, 0, 0, 0, 0, 0, 0]
6:2:103:Enter(sleepingbarber.Customer@bb3c):138:[0, 0, 0, 0, 0, 0, 1, 0, 0, 0, 0, 0, 0, 0, 0, 0, 0, 0, 0, 0]
2:6:107:Full:139:[0, 0, 8, 1, 1, 1, 1, 0, 0, 0, 0, 0, 0, 0, 0, 0, 0, 0, 0, 0]
##BUGGY_ACTORS: 1
6
##BUG:TRACE_HAD_ERROR/EXCEPTION/INVALID_TERMINATION:14:5sec:7
5:2:102:Enter(sleepingbarber.Customer@bb2a):0:[0, 0, 0, 0, 0, 1, 0, 0, 0, 0, 0, 0, 0, 0, 0, 0, 0, 0, 0, 0]
3:2:100:Enter(sleepingbarber.Customer@bb05):140:[0, 0, 0, 1, 0, 0, 0, 0, 0, 0, 0, 0, 0, 0, 0, 0, 0, 0, 0, 0]
2:3:105:Wait:141:[0, 0, 4, 1, 0, 1, 0, 0, 0, 0, 0, 0, 0, 0, 0, 0, 0, 0, 0, 0]
4:2:101:Enter(sleepingbarber.Customer@bb10):142:[0, 0, 0, 0, 1, 0, 0, 0, 0, 0, 0, 0, 0, 0, 0, 0, 0, 0, 0, 0]
2:4:106:Wait:143:[0, 0, 6, 1, 1, 1, 0, 0, 0, 0, 0, 0, 0, 0, 0, 0, 0, 0, 0, 0]
6:2:103:Enter(sleepingbarber.Customer@bb3c):144:[0, 0, 0, 0, 0, 0, 1, 0, 0, 0, 0, 0, 0, 0, 0, 0, 0, 0, 0, 0]
2:6:107:Full:145:[0, 0, 8, 1, 1, 1, 1, 0, 0, 0, 0, 0, 0, 0, 0, 0, 0, 0, 0, 0]
##BUGGY_ACTORS: 1
6
##BUG:TRACE_HAD_ERROR/EXCEPTION/INVALID_TERMINATION:15:5sec:7
6:2:103:Enter(sleepingbarber.Customer@bb3c):0:[0, 0, 0, 0, 0, 0, 1, 0, 0, 0, 0, 0, 0, 0, 0, 0, 0, 0, 0, 0]
3:2:100:Enter(sleepingbarber.Customer@bb05):146:[0, 0, 0, 1, 0, 0, 0, 0, 0, 0, 0, 0, 0, 0, 0, 0, 0, 0, 0, 0]
2:3:105:Wait:147:[0, 0, 4, 1, 0, 0, 1, 0, 0, 0, 0, 0, 0, 0, 0, 0, 0, 0, 0, 0]
4:2:101:Enter(sleepingbarber.Customer@bb10):148:[0, 0, 0, 0, 1, 0, 0, 0, 0, 0, 0, 0, 0, 0, 0, 0, 0, 0, 0, 0]
2:4:106:Wait:149:[0, 0, 6, 1, 1, 0, 1, 0, 0, 0, 0, 0, 0, 0, 0, 0, 0, 0, 0, 0]
5:2:102:Enter(sleepingbarber.Customer@bb2a):150:[0, 0, 0, 0, 0, 1, 0, 0, 0, 0, 0, 0, 0, 0, 0, 0, 0, 0, 0, 0]
2:5:107:Full:151:[0, 0, 8, 1, 1, 1, 1, 0, 0, 0, 0, 0, 0, 0, 0, 0, 0, 0, 0, 0]
##BUGGY_ACTORS: 1
5
